0.947909,0.011738,0.0382257,0.0021175,1.03331e-05,0
0.0017068,0.00199782,0.856687,0.0620334,0.0775755,2
0.606944,0.283726,0.103153,0.00610506,7.24915e-05,0
0.107081,0.0322877,0.392781,0.115839,0.352012,0
0.781985,0.16754,0.0490224,0.00141424,3.81349e-05,0
0.0413908,0.0444422,0.586993,0.293532,0.0336429,2
0.626106,0.0895783,0.278223,0.00597713,0.000114989,0
0.937992,0.0326555,0.0260015,0.00334326,7.44897e-06,0
0.943581,0.00468988,0.0469757,0.00450643,0.000246816,0
0.614505,0.173133,0.179465,0.0228103,0.0100873,0
0.0578747,0.0500035,0.859608,0.0206902,0.0118241,2
0.937094,0.0572511,0.00558486,6.79476e-05,2.58235e-06,0
0.0437486,0.0828429,0.851165,0.0164127,0.00583034,0
0.884142,0.0123498,0.103129,0.000193947,0.000185613,0
0.476567,0.0220849,0.335655,0.00240248,0.16329,0
0.252472,0.605602,0.124581,0.015201,0.00214461,0
0.864149,0.0622648,0.0721582,0.00134152,8.63877e-05,0
0.220668,0.158273,0.497364,0.0942075,0.0294876,2
0.73129,0.083321,0.177883,0.00608007,0.00142624,0
0.787235,0.0599887,0.152754,1.63144e-05,5.90684e-06,0
0.758847,0.150451,0.0852417,0.00545632,4.02359e-06,0
0.565292,0.0505356,0.383798,0.000304919,6.98267e-05,0
0.890406,0.00549276,0.102472,0.000453549,0.00117528,2
0.974046,0.0213411,0.00459278,1.82853e-05,1.3083e-06,0
0.635213,0.106932,0.223609,0.0336573,0.000589048,1
0.741551,0.0719058,0.177639,0.00803494,0.000869586,0
0.715372,0.138016,0.137864,0.00866226,8.6026e-05,1
0.949763,0.0221937,0.0222836,0.00538963,0.000369969,0
0.793684,0.18173,0.0227006,0.00183799,4.69417e-05,0
0.738265,0.178361,0.0759541,0.00733677,8.28038e-05,1
0.0351456,0.00416032,0.466611,0.18077,0.313313,4
0.000382101,4.41205e-06,0.198207,0.788103,0.013304,2
0.00998414,0.140496,0.838209,0.0107409,0.000570296,0
0.793782,0.145028,0.0608753,0.000265424,4.93074e-05,0
0.909865,0.0677996,0.0199115,0.00242042,4.0221e-06,0
0.368546,0.340699,0.278265,0.0112655,0.00122368,0
0.991058,0.00475619,0.00374447,0.000319334,0.000122514,0
0.636585,0.0386906,0.268966,0.0554069,0.000352377,0
0.587173,0.0970484,0.310552,0.0050483,0.00017828,1
0.711906,0.000294432,0.0848838,0.00984633,0.193069,0
0.326902,0.099689,0.469937,0.087994,0.0154784,0
0.200349,0.406979,0.16824,0.00499042,0.219441,1
0.00069837,0.000111159,0.422278,0.515182,0.0617308,3
0.577479,0.197736,0.151984,0.0725606,0.000240403,0
0.933071,0.0300648,0.0361363,0.000714629,1.27789e-05,0
0.7901,0.10068,0.0724265,0.00968345,0.0271099,0
0.869729,0.09713,0.0324191,0.000700648,2.13669e-05,0
0.850646,0.133552,0.0146332,0.000956975,0.00021169,0
0.956467,0.0290999,0.0140233,0.000400104,9.99143e-06,0
0.604042,0.240886,0.151791,0.00327355,7.57818e-06,1
0.00583481,0.0108327,0.895179,0.0836269,0.00452621,2
0.00404438,0.0134091,0.577441,0.35161,0.0534953,2
0.881209,0.10527,0.013474,4.75821e-05,3.09796e-07,0
0.0379326,0.00613017,0.65539,0.0450057,0.255541,2
0.943643,0.0418818,0.0138734,0.000595597,6.6301e-06,0
0.929232,0.0652233,0.00552355,1.97946e-05,1.78322e-06,0
0.926865,0.037793,0.033233,0.00200679,0.000102416,0
0.851434,0.0485956,0.0628986,0.0347295,0.0023424,0
0.0611079,0.422118,0.516231,0.000504081,3.9229e-05,2
0.471943,0.205181,0.305016,0.0176716,0.00018849,0
0.291925,0.205176,0.485372,0.0132401,0.0042869,0
0.433718,0.173371,0.356676,0.0338669,0.00236856,0
0.00309197,0.0583577,0.49214,0.437337,0.00907341,1
0.00458951,0.0759854,0.732245,0.181195,0.0059855,2
0.375026,0.187453,0.417874,0.0154372,0.00420939,2
0.94997,0.0302092,0.0189758,0.000807822,3.68408e-05,0
0.0155026,0.0211834,0.913948,0.0438379,0.00552829,2
0.882256,0.0867809,0.0308135,0.000139116,1.01747e-05,0
0.972503,0.0145194,0.00731194,0.0056608,4.42669e-06,0
0.981838,0.0136299,0.00431392,0.000217283,6.83156e-07,0
0.975113,0.0194319,0.0047912,0.000663517,3.61177e-07,0
0.989674,0.00727857,0.00301478,3.1973e-05,5.52848e-07,0
0.625419,0.340931,0.0243746,0.00911262,0.00016305,0
0.351037,0.21011,0.424436,0.0143827,3.45285e-05,0
0.744438,0.0367584,0.175691,0.0401214,0.00299171,0
0.860865,0.0145183,0.117961,0.00553672,0.00111872,0
0.82891,0.132267,0.038433,0.00038991,6.11677e-07,0
0.896635,0.0667769,0.0340612,0.00250925,1.77281e-05,1
0.710119,0.175473,0.0830112,0.0310549,0.000342502,0
0.997412,0.000299275,0.00226603,1.8678e-05,3.82639e-06,0
0.761895,0.0603095,0.175456,0.00208809,0.000251973,0
0.857895,0.0734894,0.0658312,0.00276823,1.58212e-05,0
0.840118,0.0828955,0.0644578,0.0123807,0.000147881,0
7.06222e-05,6.66041e-06,0.00285048,0.00411495,0.992957,4
0.93342,0.0171695,0.0492026,0.000201659,5.97996e-06,0
0.00782486,0.012432,0.864577,0.055352,0.0598141,2
0.802887,0.180295,0.0161315,0.000416198,0.000270168,0
0.809129,0.160667,0.0288877,0.00130673,1.0253e-05,0
2.93633e-06,4.24704e-06,0.0452133,0.869354,0.0854258,2
1.73608e-05,7.21876e-05,0.0172383,0.918629,0.0640431,2
0.846876,0.0462681,0.10469,0.00211809,4.79803e-05,0
0.471042,0.102336,0.406335,0.0202072,7.93284e-05,0
0.972151,0.0212821,0.00528832,0.00127674,2.1416e-06,0
0.462334,0.0179545,0.504688,0.0136161,0.00140714,2
0.0345585,0.0053788,0.742197,0.040888,0.176978,2
0.0233024,0.0138906,0.778384,0.183297,0.00112557,2
0.359866,0.247835,0.376129,0.0144602,0.00170973,0
0.937514,0.00958085,0.0524332,0.000434486,3.78146e-05,0
0.607778,0.0166885,0.119104,0.0148619,0.241568,0
0.785331,0.114324,0.0772079,0.0230922,4.58254e-05,0
1.37621e-05,3.1077e-05,0.0887834,0.550472,0.360699,2
0.971281,0.0143686,0.0137324,0.000585952,3.2551e-05,0
0.950945,0.012624,0.0350486,0.00135293,2.98908e-05,0
0.974678,0.0194028,0.00590713,1.08449e-05,1.11612e-06,0
0.0321493,0.00712918,0.76176,0.177955,0.0210057,2
0.51972,0.170867,0.247835,0.0610233,0.000555455,0
1.89914e-06,2.64217e-07,8.48741e-06,2.54492e-05,0.999964,4
0.972761,0.0113342,0.0156361,4.65091e-05,0.000222104,0
0.951057,0.0264811,0.0150392,0.000788538,0.00663383,0
0.583617,0.198853,0.216052,0.00145973,1.74717e-05,0
0.735454,0.00917605,0.206466,0.0095364,0.0393676,0
0.99684,0.00263776,0.000401229,0.00011007,1.10202e-05,0
0.00824798,0.00235903,0.891098,0.0939161,0.00437841,3
0.903842,0.0481784,0.0442806,0.00356981,0.000129523,0
0.0150311,0.00440604,0.575152,0.171945,0.233466,2
0.00220658,0.00512067,0.266909,0.714432,0.0113324,2
0.968814,0.0133112,0.0155026,0.00234016,3.19198e-05,0
0.595492,0.192755,0.204575,0.00689797,0.000279598,1
0.910743,0.0246445,0.0568593,0.00736468,0.00038841,0
0.459408,0.293854,0.227364,0.0187418,0.000632085,0
0.850741,0.088046,0.0598147,0.00131589,8.2792e-05,0
0.935637,0.0501249,0.013755,0.000449006,3.41093e-05,0
0.352619,0.104555,0.393951,0.147768,0.00110764,0
0.755009,0.0208127,0.214143,0.0100181,1.67182e-05,0
0.849714,0.080686,0.0666456,0.00293092,2.37546e-05,0
0.804234,0.108113,0.0838566,0.00372393,7.2554e-05,0
0.656909,0.225248,0.0724785,0.0450347,0.000329533,0
0.0219576,0.21456,0.760417,0.00267131,0.000393767,0
0.00589556,0.0137744,0.949402,0.030387,0.000541394,2
0.981389,0.011656,0.000867004,0.000313777,0.00577417,0
0.888014,0.0456262,0.0645365,0.00180685,1.66902e-05,0
0.979677,0.0130751,0.00706854,0.000179524,1.73307e-07,0
0.21878,0.124835,0.642561,0.0124624,0.00136201,0
0.0438147,0.0171169,0.658261,0.274626,0.00618073,2
0.670004,0.179367,0.148195,0.00241306,2.07732e-05,1
0.693743,0.114199,0.190549,0.000646624,0.000862272,0
0.975794,0.00698699,0.0169469,0.000261083,1.08626e-05,2
0.986083,0.00059118,0.0131021,0.000213535,1.01317e-05,0
0.818901,0.114084,0.065284,0.00163808,9.33923e-05,0
0.885684,0.00984567,0.103109,0.00124668,0.000114678,0
0.965092,0.00641215,0.0264903,0.00187089,0.000134921,0
0.987492,0.0073582,0.00391057,0.00123899,1.87984e-07,0
0.96731,0.00858356,0.0228891,0.000924729,0.000293039,2
0.673857,0.149102,0.174524,0.00241901,9.77789e-05,0
0.779341,0.135338,0.0851127,0.000199179,9.42221e-06,0
0.973043,0.014786,0.0120454,0.000118531,7.11015e-06,0
0.917866,0.0687838,0.0128273,0.000521918,9.24107e-07,0
0.765876,0.197297,0.0332408,0.00356952,1.65002e-05,0
0.947178,0.0106358,0.0404393,0.00162172,0.000125407,0
0.827826,0.0327977,0.137322,0.00175537,0.000299634,0
0.00620538,0.0253768,0.773554,0.192626,0.00223835,2
0.00127968,6.29716e-06,0.467486,0.526888,0.00434003,2
0.714166,0.0158239,0.251234,0.0186637,0.000111922,0
0.920531,0.036634,0.0427714,4.43327e-05,1.95427e-05,0
0.170574,0.0922485,0.620021,0.102604,0.0145537,3
0.0648856,0.00490328,0.901628,0.0268502,0.00173294,2
6.43355e-06,0.00015614,0.641217,0.321918,0.0367018,3
0.931587,0.0294457,0.02551,0.0129521,0.000505104,0
0.447254,0.201117,0.312436,0.0229112,0.0162805,2
0.940112,0.0200433,0.0338009,0.00565241,0.000391476,0
0.227083,0.00944073,0.609718,0.153567,0.00019039,1
0.590347,0.139811,0.248763,0.0191748,0.00190439,0
0.656723,0.0103659,0.316558,0.00639736,0.00995523,1
0.064945,0.00339278,0.669945,0.239312,0.0224055,0
0.954041,0.0298704,0.0145854,0.00142633,7.66076e-05,0
0.966604,0.0275528,0.00535502,0.000482021,6.61703e-06,0
0.0151766,0.00345465,0.778713,0.0730223,0.129633,2
0.824627,0.149014,0.026034,0.000205579,0.00011919,0
0.354781,0.298592,0.323118,0.0233029,0.000206574,1
0.813872,0.0999274,0.0795319,0.00661662,5.23448e-05,0
0.825991,0.130918,0.0414497,0.00156299,7.79325e-05,0
0.437152,0.0110191,0.305708,0.145771,0.100349,0
0.756173,0.111837,0.10906,0.0226936,0.000236251,0
0.976113,0.0149057,0.0088886,9.22037e-05,2.02215e-07,0
0.958945,0.0320086,0.00891953,0.00010313,2.37529e-05,0
0.890883,0.0693264,0.0356759,0.00405843,5.59785e-05,2
0.909972,0.0846193,0.00429777,0.00036742,0.000743761,0
0.722535,0.0824729,0.190048,0.00101027,0.00393416,0
0.936851,0.0386742,0.022536,0.0018215,0.00011762,0
0.997705,0.000733987,0.00131501,0.000240566,5.44652e-06,0
0.729571,0.0122572,0.256551,0.00135758,0.000263578,2
0.00407026,0.00459182,0.409733,0.551574,0.0300306,2
0.96331,0.0252496,0.0111295,0.000309991,7.3803e-07,1
0.931935,0.0419345,0.0259661,0.000161083,3.21899e-06,0
0.80288,0.0617824,0.128896,0.00539661,0.00104502,2
0.948254,0.0451949,0.00652243,2.81331e-05,4.21714e-07,0
0.846132,0.00993122,0.136024,0.00444412,0.00346872,0
0.000340257,0.00780105,0.479075,0.4755,0.0372831,2
0.681731,0.316722,0.00148153,6.30241e-05,1.81412e-06,0
0.523266,0.073564,0.386395,0.0155921,0.00118239,0
0.926425,0.0435838,0.0293301,0.00021363,0.000447198,0
0.625116,0.100851,0.207117,0.0651465,0.0017698,1
0.487795,0.196946,0.219128,0.0371229,0.0590084,0
0.018777,0.266973,0.670693,0.0429383,0.000619184,1
1.08845e-06,1.58249e-05,0.473709,0.515316,0.0109578,2
0.61426,0.00785829,0.327051,0.0402683,0.0105632,1
0.026794,0.000491585,0.00498509,8.3278e-05,0.967646,4
0.906705,0.0208914,0.0720942,0.000305651,4.11798e-06,1
0.96866,0.00329677,0.0253544,0.000207628,0.00248115,0
0.894599,0.0664285,0.0384421,0.00050104,2.92904e-05,0
0.809364,0.0865448,0.0979874,0.00598815,0.000115163,0
0.953316,0.0293888,0.0169763,3.44807e-05,0.000284288,0
0.825206,0.0377198,0.129816,0.00716447,9.42603e-05,1
0.603985,0.0241818,0.306301,0.0648237,0.000707965,0
0.902399,0.0850623,0.0123002,0.000219107,1.94331e-05,0
0.00983379,0.0055317,0.637555,0.283981,0.0630986,3
0.955439,0.0110828,0.0327741,0.000680068,2.44377e-05,0
0.770068,0.0119533,0.193373,0.00766165,0.0169443,0
0.21372,0.13769,0.51057,0.129811,0.00821042,2
0.647904,0.188777,0.157879,0.00524787,0.000192109,0
0.000413423,0.00130464,0.548923,0.0154277,0.433932,4
0.620259,0.105524,0.230606,0.0431837,0.00042686,0
0.554012,0.307409,0.134283,0.00298872,0.00130679,0
0.148667,0.147946,0.65686,0.0423,0.00422687,0
0.35334,0.0223149,0.399091,0.219831,0.00542294,2
0.0561889,0.208628,0.709933,0.0197773,0.00547276,0
0.987004,0.0081411,0.00477793,7.71323e-05,3.79162e-07,0
0.202777,0.402903,0.386734,0.00736266,0.000223006,0
0.0319595,0.0033478,0.777962,0.00912997,0.177601,2
0.978849,0.00786308,0.0127733,0.000474516,4.04012e-05,0
0.793386,0.0267229,0.179424,0.000247816,0.000218456,0
0.000922167,0.00893679,0.961101,0.026483,0.00255723,2
0.833354,0.0830725,0.0671428,0.0151974,0.00123297,0
0.954171,0.0234038,0.0222427,0.000137608,4.51952e-05,0
0.410297,0.0724841,0.465335,0.0470409,0.00484266,2
0.815332,0.147057,0.0347454,0.00274815,0.000117785,0
0.346335,0.129637,0.523013,0.000859909,0.000154305,0
0.944369,0.0131308,0.0355083,0.00601877,0.000973338,0
0.917862,0.0215588,0.0605332,4.43369e-05,1.52779e-06,0
0.166909,0.0431908,0.780239,0.00911273,0.000548041,2
0.0551263,0.0533663,0.686944,0.20396,0.000604028,2
0.872753,0.0776538,0.0492713,0.000311166,1.06311e-05,0
0.982057,0.0103675,0.00681252,0.000755122,7.80546e-06,0
0.925285,0.0193518,0.0551573,0.000145978,5.97781e-05,0
0.986588,0.0100074,0.00339628,8.4626e-06,3.9187e-07,0
0.267481,0.321976,0.369927,0.0369651,0.00365124,2
0.916909,0.0571873,0.0231219,0.00267781,0.000104054,0
0.92996,0.0299079,0.0248078,0.0152899,3.40606e-05,0
2.85995e-05,8.91532e-05,0.497054,0.491323,0.0115057,3
0.171536,0.00577405,0.677857,0.144135,0.000698451,2
0.784413,0.175103,0.033041,0.00691397,0.00052862,0
0.752878,0.0345912,0.163072,0.0475184,0.00194018,0
0.973752,0.0165326,0.0095652,0.000147954,2.52025e-06,0
0.990986,0.00365211,0.0053441,3.60551e-06,1.47084e-05,0
0.68232,0.0340371,0.258266,0.0242555,0.001121,0
0.983153,0.00143351,0.00800296,3.03827e-05,0.00737974,0
0.979042,0.00129883,0.0191441,0.000469396,4.61564e-05,0
0.876315,0.069319,0.0542551,0.000103929,6.75333e-06,0
0.804678,0.0879238,0.107016,0.00032267,5.98683e-05,0
0.908131,0.0580357,0.02843,0.00538882,1.42263e-05,0
0.975599,0.00650927,0.0153377,0.00187176,0.000682591,0
0.948529,0.0444594,0.00633566,0.00066667,9.72332e-06,0
0.940966,0.0515287,0.00745292,5.18604e-05,4.80463e-07,0
0.695596,0.00474968,0.152085,0.00228608,0.145283,0
0.155551,0.0593275,0.769544,0.00187272,0.0137055,0
0.873658,0.0224689,0.0922285,0.0115453,9.96616e-05,0
0.0674699,0.0977202,0.815797,0.016556,0.00245713,2
0.62284,0.0362747,0.333032,0.00736963,0.000483946,0
0.00794648,0.00221952,0.749156,0.194863,0.0458156,2
0.920865,0.0644313,0.0146161,8.05253e-05,7.01968e-06,0
0.00161797,0.00935916,0.931619,0.0461681,0.0112356,2
0.797959,0.114611,0.084055,0.00328926,8.53302e-05,0
1.02672e-07,5.02915e-08,0.00224557,0.978596,0.0191582,3
0.0023686,0.000576425,0.294199,0.693786,0.00906984,3
0.842447,0.101446,0.0523904,0.00361612,0.000100007,0
0.921764,0.022709,0.048314,0.00717806,3.47733e-05,0
0.674112,0.0873555,0.22911,0.0081258,0.00129655,0
0.720319,0.103994,0.111287,0.0643263,7.3979e-05,0
0.959603,0.0200501,0.0202602,6.86059e-05,1.77256e-05,0
0.524792,0.120155,0.295584,0.0136417,0.0458274,2
0.73612,0.0506487,0.197203,0.013562,0.00246629,0
0.405914,0.228875,0.350404,0.013761,0.001046,0
1.52196e-07,3.55964e-08,0.00165545,0.943399,0.0549456,3
0.349422,0.128164,0.517596,0.00466001,0.000157739,0
0.201303,0.547436,0.249006,0.00222663,2.8245e-05,0
0.988618,0.00953189,0.00183089,1.45572e-05,4.55132e-06,0
0.663468,0.10249,0.216696,0.0158457,0.0014996,0
0.04597,0.01723,0.925551,0.0110807,0.000167896,2
0.888693,0.0603496,0.0505718,0.000191447,0.000194512,0
0.903873,0.0887756,0.00425433,0.000238977,0.00285761,0
0.817985,0.149868,0.0279163,0.00422715,3.75638e-06,0
0.824247,0.14188,0.0285835,0.00522679,6.27433e-05,0
0.816797,0.0433693,0.13012,0.008895,0.000818503,1
0.788562,0.149051,0.0577484,0.00457993,5.84049e-05,0
0.824273,0.0535034,0.121684,0.000505562,3.41504e-05,0
0.978334,0.0136229,0.00656346,0.00147844,1.28869e-06,0
0.971877,0.0126983,0.0106588,0.00470363,6.25599e-05,0
0.69521,0.0828142,0.210312,0.00195381,0.00970924,0
0.461405,0.0381131,0.166945,0.00566325,0.327874,0
0.92469,0.0641193,0.0108984,0.00027857,1.34044e-05,0
0.629824,0.24831,0.120115,0.00173274,1.8813e-05,0
0.867571,0.0173776,0.10459,0.00859941,0.00186214,0
0.938149,0.0274491,0.0339446,0.000432243,2.51383e-05,0
0.973359,0.0240812,0.00255962,2.48619e-07,1.09672e-08,0
0.801158,0.0329036,0.164289,0.000869696,0.000779112,0
0.866963,0.116915,0.0158837,0.000236935,1.61555e-06,0
0.428573,0.101802,0.458418,0.00246841,0.00873862,0
0.693518,0.173041,0.133349,6.05189e-05,3.05683e-05,0
0.865679,0.041409,0.0907693,0.00179132,0.000351102,0
0.991773,0.00363225,0.00459266,1.42925e-06,5.70702e-07,0
0.271529,0.112599,0.596783,0.0182046,0.000884514,0
0.642492,0.0551276,0.302182,0.000175482,2.3153e-05,0
0.806897,0.0936715,0.0955825,0.00304965,0.000799182,0
0.359349,0.0766455,0.549554,0.0133309,0.00112066,0
0.967654,0.0111585,0.0207288,0.000420519,3.81411e-05,0
7.77568e-05,0.00151348,0.186399,0.804527,0.00748329,2
0.895824,0.0665725,0.0351416,0.002458,3.84318e-06,0
0.971569,0.0151271,0.0128386,0.000451571,1.40629e-05,0
0.29606,0.302672,0.310029,0.0909782,0.000260998,2
0.53047,0.0958443,0.362745,0.0106566,0.000283367,2
0.800332,0.117661,0.0816975,0.000220303,8.95762e-05,0
0.305865,0.0201008,0.61853,0.0511772,0.00432694,0
0.0346814,9.85391e-05,0.721302,0.0339215,0.209996,2
0.60631,0.251079,0.119455,0.0184127,0.00474408,0
4.69237e-05,0.00117353,0.899978,0.0940773,0.00472431,2
0.0911807,0.125153,0.706372,0.0541289,0.0231651,2
0.829536,0.0377132,0.130613,0.00166946,0.000468831,0
0.928069,0.0124689,0.0562297,0.00320529,2.72568e-05,0
0.769261,0.0743185,0.131398,0.0245338,0.0004894,0
0.788701,0.0680372,0.139483,0.00359339,0.000185133,0
0.000381616,0.166806,0.817712,0.0105881,0.00451214,1
5.79111e-05,0.00075835,0.407428,0.535997,0.0557594,2
0.702791,0.181315,0.0959409,0.007511,0.0124428,0
0.000513113,0.00399651,0.734551,0.12961,0.13133,2
0.964423,0.00171178,0.0305419,0.00168569,0.00163806,0
0.98564,0.00688484,0.00683283,0.000629111,1.29269e-05,0
0.289519,0.668123,0.0343249,0.00182739,0.00620608,1
0.013364,0.000439072,0.27106,0.0874495,0.627688,4
0.944076,0.0336815,0.0216057,0.000634555,2.17183e-06,0
0.765602,0.00679157,0.221654,0.00584774,0.00010452,0
0.897973,0.0903805,0.0112642,0.000376948,5.63058e-06,0
0.963056,0.0329051,0.00393821,0.000100534,6.52319e-07,1
0.43525,0.0530491,0.461954,0.0484261,0.00132084,0
0.848678,0.116211,0.0343017,0.000713904,9.48783e-05,0
0.028273,0.145371,0.810266,0.0157185,0.000371537,1
0.228702,0.0852409,0.673734,0.012126,0.00019703,0
0.515487,0.052012,0.429751,0.00179094,0.000958739,0
0.952861,0.0247356,0.0223911,8.00888e-06,4.44151e-06,0
0.121076,0.0838992,0.748112,0.0466511,0.000261434,1
0.541278,0.175236,0.276096,0.00726938,0.000120426,0
0.875389,0.0852839,0.0367184,0.00258426,2.42204e-05,2
0.580334,0.130947,0.255371,0.0309586,0.0023892,2
0.519948,0.0241444,0.439898,0.012745,0.00326516,0
0.753749,0.0829892,0.147657,0.00738125,0.00822386,0
0.938485,0.00549086,0.0556129,0.000186337,0.000225321,0
0.946886,0.0232676,0.0263934,0.00340387,4.8744e-05,0
0.424778,0.288518,0.283172,0.00285146,0.000679847,2
0.430938,0.0462188,0.52149,0.00130378,4.88607e-05,0
0.966867,0.0217702,0.0113289,2.92924e-05,4.49489e-06,0
0.815411,0.107275,0.0655138,0.0111796,0.000620835,0
0.791163,0.0216808,0.186995,0.00015007,1.1242e-05,0
0.908115,0.0618853,0.0283727,0.00143455,0.0001924,0
0.0189835,0.117045,0.712516,0.149799,0.00165589,2
0.875855,0.0966469,0.0205852,0.00689968,1.36036e-05,0
0.993426,0.00458098,0.0019917,6.07732e-07,6.09065e-07,0
0.589553,0.156733,0.24174,0.0116641,0.000309762,0
0.453775,0.0402446,0.502858,0.00280577,0.000316877,0
0.966547,0.0125474,0.0187238,0.00208635,9.52821e-05,0
0.891399,0.0676183,0.0379173,0.00306303,2.09368e-06,0
0.95192,0.0227314,0.0252564,8.83076e-05,4.34148e-06,0
0.833884,0.139783,0.0259195,0.000407845,5.78926e-06,2
0.904691,0.0127747,0.0779389,0.00241284,0.00218255,0
0.752183,0.0419726,0.118527,0.0739147,0.0134028,0
0.584453,0.0148333,0.297587,0.101331,0.00179593,0
0.310556,0.035225,0.631753,0.0216295,0.000836507,2
0.979413,0.00691914,0.0136517,1.39506e-05,1.89117e-06,0
0.938385,0.0360854,0.0249002,0.000620441,8.90271e-06,0
0.000183827,2.32574e-05,0.0789233,0.160018,0.760852,2
0.818714,0.125273,0.0481843,0.00779402,3.53366e-05,0
0.000281034,0.0184317,0.238653,0.733324,0.00931047,2
0.878809,0.0337201,0.0782029,0.0048253,0.00444244,0
0.922472,0.0141588,0.0523977,0.000675764,0.0102956,0
0.712426,0.153181,0.126588,0.00674025,0.00106383,0
0.304201,0.257391,0.424607,0.0137275,7.39286e-05,0
0.505538,0.331638,0.156985,0.00541648,0.000422036,0
0.876729,0.0813782,0.0398203,0.000338181,0.00173454,0
0.941961,0.0400458,0.0177067,0.000269287,1.70587e-05,0
0.863894,0.0576262,0.0782543,0.000137197,8.87608e-05,0
0.865705,0.107925,0.0260588,0.000299849,1.17578e-05,0
0.953699,0.0281614,0.0139874,0.00412176,3.06953e-05,0
0.959868,0.0309133,0.00918178,2.89648e-05,8.1477e-06,0
0.995695,0.00276636,0.00153683,1.46762e-06,6.02123e-08,0
9.86786e-08,1.11711e-06,0.015955,0.975521,0.00852281,3
1.10086e-05,4.81612e-05,0.656612,0.323315,0.0200141,2
0.925239,0.0174188,0.0559895,0.00129634,5.59892e-05,0
0.935548,0.0435046,0.0207703,0.000144139,3.29587e-05,1
0.99382,0.00492453,0.00125495,6.93641e-07,7.47835e-08,0
0.190405,0.205811,0.589755,0.012276,0.0017526,0
0.575609,0.124555,0.225852,0.0319908,0.041993,4
0.779208,0.115937,0.104136,0.000627336,9.20731e-05,0
0.945567,0.0116837,0.0425787,0.000157346,1.34934e-05,0
0.0275611,0.209981,0.694667,0.0595006,0.00829066,1
0.896165,0.0886889,0.0118056,0.003331,9.74523e-06,0
0.931915,0.0104175,0.0576008,7.35333e-06,5.88935e-05,0
0.932355,0.0165918,0.0390884,0.0119354,2.94699e-05,0
0.828522,0.124896,0.0460014,0.000473036,0.000107432,1
0.765136,0.203836,0.0292334,0.00178394,1.02965e-05,0
0.992336,0.0051191,0.00244136,0.000103297,2.88309e-07,1
0.00516242,0.0761821,0.828639,0.0818482,0.00816859,2
0.919806,0.0107261,0.0612695,0.00805784,0.000140654,0
0.95383,0.0212345,0.0248517,6.57417e-05,1.78283e-05,1
0.976318,0.0183143,0.00530817,4.88705e-05,1.10099e-05,0
0.0079772,0.00151637,0.51121,0.47716,0.00213574,3
0.896239,0.0453605,0.0541615,0.00368039,0.000558674,0
0.657278,0.0372913,0.302873,0.00132463,0.00123345,0
0.945336,0.0363988,0.0181374,0.000126322,1.79126e-06,0
0.900112,0.0504895,0.0493732,2.21953e-05,3.26259e-06,0
0.958502,0.0243242,0.0138861,0.00308425,0.00020324,0
0.986321,0.00907289,0.00459964,5.722e-06,5.54217e-07,0
0.955414,0.0365909,0.00783094,0.00016096,2.93364e-06,0
0.77284,0.0328624,0.19422,3.0898e-05,4.57073e-05,0
0.37818,0.214459,0.405295,0.00194333,0.000123051,0
0.934991,0.0530834,0.00721924,0.00468339,2.28378e-05,0
0.978804,0.0136536,0.00721066,0.000329794,2.36465e-06,0
0.88199,0.0367956,0.076115,0.00508446,1.50866e-05,0
0.960465,0.00836859,0.0279091,0.000527812,0.0027299,0
0.868832,0.0111615,0.111713,0.000151467,0.00814255,2
0.710763,0.0387672,0.121687,0.128532,0.000250689,0
0.000710692,0.000152203,0.00113299,0.00110726,0.996897,4
0.909503,0.0661486,0.0214115,0.00291951,1.71163e-05,0
0.890665,0.054333,0.0540958,0.000879828,2.63168e-05,0
0.648218,0.0581873,0.260553,0.00218274,0.0308593,0
0.40928,0.0759375,0.513414,0.00118687,0.000181688,0
0.732964,0.194,0.0647786,0.00822621,3.10603e-05,0
0.843063,0.0416153,0.113492,0.00132191,0.000508254,0
0.941571,0.0122083,0.0432288,0.00272629,0.000266131,0
0.399088,0.487605,0.101194,0.0120081,0.000104962,0
0.755117,0.0468172,0.194156,0.00309268,0.000816851,0
0.767394,0.0213881,0.197829,0.0079742,0.00541536,0
0.968026,0.00851127,0.0215404,0.00181002,0.000112541,0
0.77043,0.193037,0.0361957,0.000330528,6.87042e-06,0
0.651108,0.146077,0.200124,0.00266014,3.11583e-05,0
0.684921,0.129306,0.142372,0.042792,0.000609124,0
0.948977,0.0407157,0.00982001,0.000429781,5.78276e-05,0
0.996636,0.00136842,0.00199429,1.66123e-06,5.67719e-08,0
0.984461,0.0139775,0.00148658,7.51043e-05,3.15106e-07,0
0.847747,0.0516131,0.0839179,0.0149004,0.00182202,0
0.894622,0.0106266,0.092511,0.00206998,0.00017081,1
0.94483,0.037397,0.0164486,0.00130612,1.80901e-05,0
0.880899,0.0538602,0.0632497,0.00175739,0.000234193,0
0.000402659,0.000107764,0.292619,0.697767,0.00910392,3
0.476665,0.234222,0.284033,0.00495551,0.000124926,0
0.771946,0.131361,0.0945068,0.00208044,0.000105517,0
0.824608,0.0864439,0.0885396,0.000168222,0.000240484,0
0.815421,0.0428267,0.139236,0.0018307,0.000686078,0
0.351777,0.24813,0.266585,0.114645,0.0188624,0
0.981072,0.0150519,0.00387601,1.02961e-07,1.13163e-08,0
0.955528,0.0372673,0.00713453,6.9127e-05,1.2578e-06,0
0.662666,0.0939239,0.235951,0.000205432,0.00725345,0
0.826199,0.128505,0.0422548,0.00303035,1.08343e-05,0
0.980191,0.0129573,0.00661729,0.000216833,1.70233e-05,0
0.66114,0.0956096,0.241185,0.001527,0.000539078,0
0.942334,0.0440067,0.0116075,0.00204788,3.82889e-06,0
0.568367,0.169458,0.254439,0.00607847,0.00165751,0
0.903052,0.0449222,0.051666,0.000325678,3.36455e-05,0
0.90498,0.0893055,0.00564664,3.67206e-05,3.07231e-05,0
0.964497,0.0118663,0.0143054,0.0090622,0.000268792,0
0.912675,0.0345353,0.0514146,0.00119836,0.000176483,0
0.600453,0.216088,0.16353,0.0196914,0.000238242,0
0.954677,0.0331629,0.0113297,0.000283961,0.000546311,0
0.916402,0.0472484,0.0356569,0.000664537,2.82057e-05,0
0.908635,0.00829557,0.0720241,0.00935877,0.00168684,0
0.00130865,0.0312677,0.815535,0.134213,0.0176759,2
0.951657,0.0118685,0.0335915,0.00281511,6.80953e-05,0
0.829727,0.0681169,0.100225,0.00173908,0.000192216,0
0.834415,0.0723439,0.0904397,0.00272299,7.85844e-05,0
0.781946,0.160036,0.052022,0.00593748,5.8765e-05,0
0.895979,0.00271027,0.100179,0.00099432,0.0001374,0
0.537297,0.0697788,0.392022,0.000782606,0.000118874,2
0.956782,0.0222135,0.0209855,1.87495e-05,3.27051e-07,0
0.938334,0.0219477,0.0395553,0.000141307,2.19698e-05,0
0.617157,0.136751,0.244952,0.00108241,5.70209e-05,0
0.63113,0.237374,0.123378,0.00598987,0.00212859,0
0.422166,0.0175163,0.559488,0.000559393,0.000270311,0
7.61471e-07,6.9772e-05,0.354334,0.625534,0.0200612,3
0.629717,0.101382,0.223564,0.0451725,0.000165172,2
0.768443,0.0214192,0.208757,0.00129742,8.36498e-05,0
0.00412882,0.0164951,0.921205,0.0343771,0.0237941,2
0.857106,0.070313,0.0721908,0.00020127,0.000189105,0
0.0313477,0.0805558,0.884154,0.00256346,0.00137886,2
0.885278,0.0697961,0.0359399,0.00797415,0.00101162,0
0.745082,0.0971195,0.157621,0.000162124,1.55441e-05,0
0.646843,0.160849,0.187848,0.00349499,0.000965139,1
0.816875,0.011824,0.149716,0.00647877,0.0151064,0
4.92906e-06,1.23446e-06,0.00200856,0.00556894,0.992416,4
0.969269,0.0256915,0.00494204,9.51948e-05,2.25624e-06,0
0.656146,0.0676479,0.209577,0.00194541,0.0646844,0
0.979984,0.0137012,0.00404504,0.00225332,1.69583e-05,0
0.957659,0.00324442,0.0350138,0.00364745,0.000435053,0
0.538286,0.343711,0.117865,0.000100313,3.75465e-05,0
0.96907,0.0256192,0.0053102,4.74979e-07,9.98393e-08,2
0.823049,0.0799045,0.0839593,0.0128022,0.000284637,0
0.909757,0.00906807,0.0606065,0.0200051,0.000563128,0
0.894092,0.0801842,0.0220045,0.00362423,9.46236e-05,0
0.614569,0.0525118,0.227619,0.102249,0.00305106,0
0.916936,0.0604691,0.00933977,0.0123699,0.000885163,0
0.923743,0.0402576,0.0358579,0.000134828,6.76293e-06,0
0.478059,0.0288966,0.480301,0.012017,0.000726155,0
0.482182,0.320232,0.194953,0.00255997,7.37321e-05,0
0.744447,0.0926374,0.162049,0.000772514,9.47763e-05,0
0.0141719,0.162117,0.741251,0.0800771,0.00238332,1
0.904375,0.0250166,0.0698634,0.000739771,4.95598e-06,0
3.22905e-06,5.19998e-05,0.269183,0.708151,0.02261,3
0.863124,0.0450972,0.0913522,0.000421632,4.664e-06,0
0.990156,0.00197263,0.00355069,0.00351672,0.00080371,0
0.615095,0.0380011,0.343809,0.00123872,0.00185562,0
0.823749,0.0345854,0.120408,0.0188881,0.00236977,2
0.316593,0.0918351,0.397584,0.189733,0.00425395,2
0.929649,0.0627287,0.00675909,0.000758536,0.000105114,1
0.23527,0.598894,0.157907,0.00785564,7.41844e-05,0
0.0218443,0.135995,0.795545,0.0449917,0.00162419,1
0.856564,0.0884092,0.0492862,0.00371331,0.002027,0
0.869415,0.0465817,0.0837139,0.000253805,3.59952e-05,0
0.888715,0.00543396,0.0353105,0.00341334,0.0671275,0
0.543494,0.169115,0.284729,0.00226407,0.000398572,0
0.902614,0.0395892,0.0569551,0.000650669,0.000191243,1
0.930974,0.0320687,0.0368615,6.04001e-05,3.52565e-05,1
0.00233515,0.0078925,0.745604,0.234428,0.00973996,2
0.815726,0.0517125,0.132236,0.000312034,1.31534e-05,0
0.718388,0.101988,0.16835,0.0107471,0.000526654,0
0.0182209,0.000146567,0.0177162,0.003542,0.960374,4
0.949722,0.0193097,0.0303163,0.000546141,0.000105624,0
0.00204032,0.0247831,0.955468,0.0166777,0.0010304,3
0.997886,0.000515179,0.00144701,0.000140944,1.10373e-05,0
0.958876,0.0178539,0.0232008,6.34551e-05,6.29121e-06,0
0.948301,0.00153302,0.0494965,0.00060444,6.49014e-05,2
0.945614,0.0353334,0.0184772,0.000572746,2.10123e-06,0
0.589855,0.34698,0.0628009,0.000362036,2.2158e-06,0
0.981444,0.00460288,0.0121686,0.00178057,4.04716e-06,0
0.0121042,0.0100479,0.326543,0.638254,0.0130518,0
0.751843,0.230217,0.0177932,0.000121821,2.48324e-05,0
0.00121856,0.0271487,0.801116,0.169363,0.00115353,2
0.851005,0.0450382,0.0980973,0.00472066,0.00113892,0
0.914558,0.0455018,0.0383171,0.00161597,7.14304e-06,0
0.870646,0.0519888,0.0403304,0.0322116,0.00482298,0
0.961548,0.0118398,0.0261236,0.000483594,5.27982e-06,0
0.795406,0.171149,0.03219,0.00125107,3.43959e-06,0
0.688782,0.221252,0.0885837,0.00132167,6.09908e-05,0
0.924239,0.0244006,0.0496693,0.00158214,0.000109461,0
0.88274,0.0674474,0.0496608,0.000139444,1.20829e-05,0
0.0108432,0.158509,0.822256,0.00552208,0.00286953,2
0.581596,0.0250193,0.361017,0.0314284,0.000939139,0
0.000617986,0.00695762,0.429721,0.265067,0.297637,2
0.964758,0.0210253,0.0142016,1.19762e-05,3.41935e-06,0
0.891962,0.0294413,0.0777868,0.000545068,0.000264424,0
0.409514,0.224412,0.349788,0.015819,0.000467523,0
0.850606,0.0338647,0.113868,0.000682828,0.000978596,0
0.96821,0.00657662,0.0251937,1.41984e-05,5.89544e-06,0
0.961791,0.0280565,0.00917756,0.000874103,0.000100489,0
0.0324956,0.0348212,0.405749,0.0713208,0.455613,2
0.941101,0.0281902,0.0253457,0.00529284,7.02057e-05,0
0.988939,0.0062721,0.00463922,0.000145327,4.63938e-06,0
0.876494,0.0995006,0.0211974,0.00277805,3.0098e-05,0
0.907826,0.0881419,0.00401954,1.19357e-05,5.8813e-08,0
0.882306,0.00418558,0.110883,0.00152927,0.00109609,0
0.907564,0.0804856,0.0101427,0.00179847,8.78526e-06,0
0.603096,0.0871348,0.299827,0.00972449,0.000217364,2
0.950089,0.0141921,0.0352074,3.96139e-05,0.000471365,0
0.853216,0.0842919,0.0561432,0.00585804,0.000491019,0
0.240715,0.257617,0.488213,0.00955175,0.00390358,0
0.759523,0.122958,0.114216,0.00322266,7.98506e-05,0
0.977215,0.00781016,0.0149433,3.02347e-05,1.28239e-06,0
0.0374508,0.100203,0.696449,0.163749,0.00214825,0
0.850144,0.0363169,0.0972785,0.0160425,0.000217822,0
0.546446,0.0892355,0.210778,0.150266,0.00327422,0
0.981448,0.0161714,0.00230682,7.35828e-05,5.64897e-07,0
0.920675,0.0274649,0.0496195,0.00189512,0.000345643,0
0.954645,0.0319969,0.0127524,0.00058999,1.60229e-05,0
0.878233,0.0362553,0.0811519,0.00414591,0.000213953,0
0.0951542,0.142218,0.69975,0.061425,0.00145244,2
0.972244,0.013283,0.0139683,0.000463586,4.14659e-05,0
0.724665,0.219694,0.0504634,0.00502691,0.000150968,0
0.709224,0.0707749,0.210135,0.00862655,0.00123933,0
0.332538,0.0581422,0.559398,0.0484961,0.00142612,0
0.923498,0.00457469,0.0478655,0.0236932,0.000368389,0
0.937087,0.0421165,0.0196741,0.00111718,5.63231e-06,0
0.910795,0.0566113,0.0304349,0.00213088,2.76715e-05,0
0.749599,0.157327,0.0906392,0.00243029,4.33054e-06,0
0.853249,0.119856,0.0264497,0.000423771,2.12555e-05,0
0.515938,0.0781627,0.377861,0.0212305,0.00680864,2
0.848294,0.0570202,0.0918008,0.0028146,7.01348e-05,0
0.964749,0.017851,0.0169039,0.000487209,9.20082e-06,0
0.877511,0.068298,0.0472504,0.00688403,5.66671e-05,0
0.796562,0.0293721,0.141643,0.0262684,0.00615517,0
0.608939,0.0933696,0.263755,0.032467,0.00146979,0
0.940394,0.0192051,0.0392048,0.000672942,0.000522806,0
0.954943,0.0328952,0.0117618,0.000202396,0.000197781,0
0.929921,0.0627028,0.00654683,0.000818519,1.06396e-05,0
0.495026,0.046642,0.452809,0.00541085,0.000112276,0
0.779936,0.0598117,0.153749,0.00412997,0.00237336,0
0.971862,0.00473075,0.0216537,0.00130559,0.000448207,0
0.242235,0.319704,0.413265,0.024279,0.000516875,0
0.274396,0.192328,0.514635,0.0130519,0.00558886,0
0.255585,0.0823571,0.652719,0.00928279,5.60709e-05,2
0.558348,0.0135375,0.420456,0.00631212,0.00134609,0
0.429274,0.0187437,0.525031,0.00219085,0.0247597,2
0.976304,0.00810442,0.0143943,0.00117203,2.50508e-05,0
0.785722,0.12115,0.0922158,0.000831025,8.08451e-05,0
0.563303,0.0816197,0.310082,0.0446252,0.000370415,2
0.956132,0.0318946,0.0109588,0.00100258,1.19824e-05,0
0.917979,0.0257939,0.0558134,0.000334737,7.88978e-05,0
0.8344,0.0391593,0.126175,0.000173657,9.22937e-05,0
3.98656e-06,9.55414e-07,0.000322939,3.33467e-05,0.999639,4
0.523836,0.0781667,0.316487,0.0771053,0.00440517,0
0.66129,0.253184,0.0853225,0.000121848,8.18518e-05,0
0.900412,0.0527,0.0467993,7.71008e-05,1.18753e-05,0
0.709597,0.0666748,0.219214,0.00150908,0.0030045,0
0.902167,0.0198482,0.0737303,0.00424191,1.22339e-05,0
0.384124,0.198895,0.408928,0.0072063,0.000847374,0
0.505449,0.399116,0.074908,0.020233,0.000294624,0
0.061552,0.0149369,0.0330745,0.39285,0.497587,4
0.962815,0.025146,0.0119806,5.47729e-05,3.21926e-06,0
0.23927,0.623884,0.136083,0.000729455,3.35332e-05,2
0.555423,0.0206628,0.401494,0.0119028,0.0105172,0
7.22417e-05,0.000841367,0.659812,0.323041,0.0162341,2
1.99925e-05,2.34814e-05,0.52089,0.462863,0.0162031,3
0.683385,0.109621,0.189491,0.0142621,0.00324128,0
0.880343,0.0140709,0.103559,0.00190012,0.000126723,0
0.00015434,0.00170162,0.821044,0.15496,0.0221391,2
0.000229852,1.50931e-05,0.122062,0.872645,0.00504767,2
0.119312,0.0648264,0.709411,0.105606,0.000843951,1
0.813273,0.0242863,0.155097,0.00662537,0.00071829,0
0.937631,0.0478682,0.0144217,4.94926e-05,3.00188e-05,0
0.924712,0.064475,0.0104675,0.000341763,3.78609e-06,0
0.981772,0.0173907,0.000808634,2.68071e-05,1.62262e-06,0
0.926794,0.0284505,0.036429,0.0082098,0.000116446,0
0.904216,0.0793061,0.0162576,0.000211934,8.39527e-06,0
0.00223054,0.000666698,0.854155,0.128633,0.0143153,3
0.00233535,0.000948939,0.421409,0.449342,0.125965,2
0.829634,0.026004,0.103411,0.0408339,0.000117586,2
6.32506e-05,0.00082528,0.638638,0.330267,0.0302063,2
0.00181217,0.00125577,0.204721,0.786299,0.00591183,0
0.789691,0.173318,0.036551,0.000439006,5.88514e-07,0
0.0172835,0.0465447,0.92452,0.0109832,0.000668694,2
0.91273,0.0433868,0.0313023,0.0122562,0.000324607,1
0.906374,0.0326019,0.0578265,0.00312787,6.93158e-05,0
0.68374,0.108321,0.202735,0.00487739,0.000326979,0
0.000700876,0.000779542,0.578024,0.223402,0.197093,2
0.00021604,0.000698219,0.374405,0.487772,0.136909,4
0.825861,0.166061,0.00771127,0.000343699,2.22586e-05,0
0.00190268,0.044178,0.92085,0.0297957,0.00327406,2
0.829074,0.121027,0.0485571,0.00112989,0.000212037,0
0.52087,0.0800568,0.394614,0.00403239,0.000426648,0
0.947208,0.0419472,0.0105659,0.0002745,4.73479e-06,0
0.802498,0.0705358,0.125133,0.00166014,0.000173744,0
0.881282,0.0649032,0.0374721,0.016323,1.94471e-05,0
1.90228e-05,2.65148e-07,0.0115566,0.93884,0.0495837,4
0.791191,0.0959125,0.107837,0.00501359,4.62369e-05,1
0.905475,0.0345074,0.0597308,0.000267551,1.939e-05,0
0.822585,0.130282,0.0436368,0.00334514,0.000150654,0
0.359813,0.204373,0.412884,0.00679113,0.0161385,1
0.901331,0.059665,0.0386945,0.000308079,1.72417e-06,0
0.445146,0.309883,0.133302,0.110076,0.00159244,0
0.300431,0.07923,0.618636,0.00139509,0.000307401,2
0.957172,0.0286992,0.0115023,0.00243809,0.000188327,0
0.527298,0.0460195,0.369922,0.0559508,0.000809358,0
0.930597,0.0558822,0.0133454,0.000171983,2.96198e-06,0
0.000444601,0.00276474,0.858897,0.0834944,0.0543989,2
0.658519,0.0342952,0.286942,0.00424445,0.0159994,0
0.621428,0.242146,0.133353,0.00303939,3.34952e-05,0
0.737308,0.115112,0.137809,0.00946519,0.000305707,0
0.224407,0.140716,0.183234,0.361795,0.0898476,3
0.898654,0.0183245,0.0803807,0.00241423,0.000226019,0
0.870331,0.0378208,0.0903787,0.00146156,7.46454e-06,0
0.716635,0.248639,0.034274,0.000444901,7.09169e-06,0
0.780335,0.165136,0.0472763,0.00715059,0.000101822,0
0.678571,0.0108698,0.303282,0.00679402,0.000483538,0
0.262263,0.187753,0.502288,0.0476213,7.42134e-05,0
0.0134193,0.00182976,0.638189,0.339509,0.00705318,2
0.990196,0.00499933,0.0047782,2.13012e-05,5.22867e-06,0
0.663585,0.161073,0.174283,0.000994582,6.40553e-05,0
0.949677,0.00610542,0.0364224,0.000207876,0.00758715,0
0.753869,0.00212208,0.232116,0.0118006,9.25083e-05,2
0.0548132,0.00212681,0.764643,0.176222,0.0021951,2
0.00943233,8.63157e-06,0.556801,0.432296,0.00146171,2
0.84078,0.0931127,0.0639433,0.00203097,0.000133499,0
0.774457,0.119812,0.103499,0.00222357,8.42975e-06,0
0.705455,0.0870313,0.191284,0.0161475,8.21404e-05,2
0.905535,0.0434723,0.0460121,0.0049625,1.7663e-05,0
0.050457,9.9168e-05,0.0680088,0.00458888,0.876846,0
0.965488,0.0195512,0.0148218,0.000119101,1.95464e-05,0
0.873102,0.0808096,0.0442752,0.00179086,2.20906e-05,0
0.836492,0.0107215,0.142419,0.00694576,0.00342166,0
0.172049,0.0442901,0.654178,0.128758,0.000725583,2
0.000481319,0.00218273,0.626996,0.356189,0.0141515,2
0.891256,0.0701697,0.0380904,0.000479679,4.58522e-06,0
0.943269,0.01447,0.0394044,0.00281407,4.27278e-05,0
0.92364,0.0308573,0.0382525,0.00701635,0.000234162,0
0.96603,0.0282903,0.00554598,0.000131546,2.64384e-06,0
0.00996381,0.00163268,0.564643,0.383945,0.0398148,0
0.853468,0.0596722,0.0716975,0.0147347,0.000427464,0
0.939916,0.0361411,0.0227318,0.00119314,1.80843e-05,0
0.0795591,0.117228,0.798847,0.00188957,0.00247563,2
0.982748,0.00499466,0.0122088,4.49732e-05,3.37301e-06,0
0.762585,0.0525283,0.182661,0.000345059,0.001881,0
0.794439,0.151136,0.051861,0.00243224,0.000132245,0
0.774917,0.0896561,0.114221,0.0209847,0.000221656,0
0.640543,0.0555461,0.299124,0.00347232,0.00131446,1
0.919717,0.0373214,0.0426082,0.000342402,1.06434e-05,0
0.86644,0.0205208,0.112927,0.000102565,9.97551e-06,0
0.824434,0.161567,0.013723,0.00027568,2.70251e-07,0
0.902745,0.0911047,0.00609238,5.69097e-05,6.88318e-07,0
0.0485841,0.0659212,0.564672,0.31413,0.00669262,2
0.935303,0.0264717,0.0381053,0.000108342,1.20508e-05,0
0.623864,0.071737,0.26064,0.0209439,0.0228154,0
0.051744,0.0372743,0.740215,0.117334,0.0534321,0
0.734824,0.0309217,0.228976,0.00469712,0.000580473,0
0.918612,0.0542219,0.0213231,0.00583562,7.59287e-06,0
0.911742,0.0288638,0.043374,0.0160013,1.85434e-05,0
0.19334,0.0987461,0.694172,0.0135265,0.000215525,2
0.206211,0.0439841,0.728599,0.0154986,0.0057077,2
0.180497,0.569535,0.241067,0.00877825,0.000123522,0
0.796765,0.145463,0.0571186,0.000618181,3.52971e-05,0
0.924888,0.0589829,0.0157408,0.000376326,1.22396e-05,0
0.744275,0.119035,0.124706,0.00385949,0.00812384,0
0.919825,0.0707617,0.00886334,0.00053891,1.08013e-05,0
0.841562,0.0273317,0.128165,0.00281409,0.000127449,0
0.842847,0.122134,0.0338784,0.000923207,0.000217128,0
0.962698,0.0273438,0.00991223,3.29155e-05,1.30968e-05,0
0.389887,0.0135331,0.561677,0.0252501,0.00965268,1
0.489896,0.145828,0.35344,0.0102411,0.000595037,2
0.858008,0.0769453,0.0625654,0.00244312,3.83385e-05,0
0.701763,0.123269,0.173207,0.00126122,0.000498853,0
0.954085,0.00828157,0.0375269,6.86696e-05,3.80726e-05,0
0.787647,0.158773,0.0500333,0.00349175,5.43477e-05,0
0.986914,0.0101719,0.00285884,5.33753e-05,1.85341e-06,0
0.818904,0.124112,0.0569399,3.14956e-05,1.34846e-05,0
0.958835,0.00912874,0.0182325,8.47177e-05,0.0137188,0
0.675918,0.211998,0.111862,0.000212601,9.41769e-06,0
0.788714,0.163217,0.0471595,0.000886888,2.2904e-05,0
0.963029,0.00354743,0.0332201,0.00011106,9.26293e-05,0
0.932693,0.0174496,0.0490208,0.00082691,9.44845e-06,0
0.833962,0.139115,0.0265937,0.000251099,7.81482e-05,0
0.694868,0.000510719,0.279363,0.0162114,0.0090473,3
0.00189179,0.00211139,0.9445,0.048448,0.00304871,2
0.756159,0.11038,0.122806,0.0100518,0.000602987,0
0.513186,0.124468,0.346296,0.0158276,0.000222081,0
0.0019398,0.0250605,0.799911,0.16811,0.00497814,2
0.998076,0.000767839,0.00112565,2.87499e-05,1.87211e-06,0
0.907287,0.0527725,0.0318428,0.00799354,0.000103751,0
0.915803,0.0615603,0.0225848,4.83995e-05,3.08481e-06,0
0.865819,0.0919355,0.0420428,7.60535e-05,0.000126374,0
0.608106,0.0957006,0.292075,0.00398366,0.000134677,0
0.813988,0.010066,0.150881,0.00415115,0.0209139,0
0.773984,0.0556954,0.099265,0.0707738,0.00028164,0
0.617398,0.258338,0.114325,0.00992407,1.50603e-05,0
0.939632,0.0104176,0.0491037,0.000139928,0.000706918,1
0.872729,0.0386087,0.0868089,0.00183353,1.9682e-05,1
0.411647,0.0212474,0.519987,0.0455225,0.00159533,0
0.694128,0.155902,0.14904,0.000810275,0.00011988,2
0.963913,0.0156359,0.0202725,0.000174554,4.45403e-06,0
0.966733,0.00994277,0.0191293,0.00415468,4.0405e-05,0
0.977439,0.00907936,0.0134352,4.46872e-05,1.38571e-06,0
0.933319,0.0278412,0.037925,0.00084931,6.5257e-05,0
0.528088,0.278557,0.183019,0.010095,0.000240863,0
0.695641,0.0444832,0.227492,0.0322108,0.000172655,0
4.10546e-06,6.28675e-06,0.107,0.884122,0.00886769,3
