0.999389,0.000611152,7.58896e-08,1.05847e-08,2.22514e-09,0
0.0105304,0.988304,0.00116395,1.67691e-06,5.04851e-08,2
0.998113,0.00188681,1.31908e-07,7.74186e-09,9.18106e-10,0
0.989014,0.0109844,1.62474e-06,5.61725e-08,9.08541e-09,0
0.698508,0.301437,5.45473e-05,2.19538e-07,1.44164e-08,0
6.05872e-13,0.000345909,0.991737,0.00788458,3.20646e-05,2
0.0180499,0.974505,0.00744081,3.84405e-06,1.21053e-08,0
0.656991,0.342977,3.23749e-05,9.78286e-08,4.11109e-09,0
0.999764,0.000235692,1.29583e-10,6.67324e-13,1.09999e-14,0
4.21893e-05,0.50043,0.484959,0.014168,0.000400668,0
8.19953e-08,0.00707368,0.502125,0.424378,0.0664234,2
0.999913,8.69529e-05,1.38021e-09,1.57914e-10,5.42769e-11,0
3.27663e-11,0.000656719,0.984598,0.0147363,9.5625e-06,0
0.98511,0.0148889,1.28342e-06,2.28063e-08,1.91791e-09,0
0.987263,0.0127367,4.18407e-08,6.93663e-11,7.8213e-12,0
0.0597031,0.939455,0.000839915,1.51235e-06,3.18482e-08,0
0.99973,0.000269604,1.43979e-08,1.63226e-09,2.63197e-10,0
2.85786e-05,0.939305,0.0606278,3.86881e-05,2.17635e-07,2
0.999993,6.72212e-06,4.16363e-12,2.2406e-13,3.90741e-14,0
3.90125e-08,0.387693,0.612265,4.13431e-05,9.94136e-08,0
0.999931,6.87466e-05,5.54903e-09,9.4147e-10,8.79221e-11,0
1.85269e-13,0.00113713,0.998775,8.81309e-05,2.65083e-09,0
0.999999,5.75149e-07,1.71902e-12,4.26616e-13,1.14599e-13,2
0.999991,8.65673e-06,2.04369e-10,7.04136e-11,2.2329e-11,0
0.999156,0.00084357,7.09666e-08,7.13135e-09,1.00536e-09,1
0.816003,0.18399,7.28985e-06,2.03327e-08,1.38336e-09,0
0.998715,0.00128475,8.41374e-09,1.05735e-10,8.09953e-12,1
0.99925,0.000749679,1.71365e-08,5.74399e-10,5.701e-11,0
0.99922,0.000779911,2.30189e-08,1.29831e-09,1.99194e-10,0
0.00982814,0.990117,5.4416e-05,5.69178e-09,1.16639e-10,1
3.35806e-15,1.45498e-10,2.74034e-05,0.992584,0.00738905,4
2.94499e-22,3.91272e-16,9.86084e-08,0.999075,0.00092515,2
1.58354e-12,0.000259583,0.998806,0.000933778,7.60693e-08,0
0.896006,0.103959,3.40317e-05,4.14545e-07,9.04485e-08,0
1.61249e-07,0.0964584,0.900572,0.00295299,1.63494e-05,0
0.999742,0.000258212,1.14148e-10,8.04352e-13,2.49711e-14,0
0.999806,0.000194034,1.75686e-09,6.40292e-11,1.37967e-11,0
0.999993,7.28275e-06,5.33156e-12,2.03114e-13,1.06361e-14,0
0.00180185,0.995433,0.00276365,1.55719e-06,5.80619e-08,1
0.200377,0.79913,0.000482669,8.32032e-06,2.03384e-06,0
0.999914,8.63594e-05,7.26742e-10,1.09045e-10,3.30365e-11,0
4.98487e-09,0.0374455,0.959537,0.00253286,0.000484451,1
1.14756e-15,5.9851e-11,4.25588e-05,0.998538,0.00141976,3
0.0243353,0.975113,0.000550746,7.18695e-07,1.89973e-09,0
0.99598,0.00401924,8.50032e-07,4.49114e-08,3.21391e-09,0
0.167393,0.831988,0.000617696,1.22327e-06,9.92382e-08,0
0.999992,7.98162e-06,2.39875e-10,6.43008e-11,1.6396e-11,0
0.999999,9.58288e-07,1.33643e-12,1.83869e-13,1.56043e-14,0
0.999986,1.37852e-05,2.66172e-09,1.26986e-09,4.92837e-10,0
0.978557,0.0214406,2.46088e-06,4.01769e-08,2.54871e-09,1
5.419e-14,1.03218e-07,0.0230783,0.97685,7.16394e-05,2
4.45453e-08,4.88772e-05,0.00666392,0.814315,0.178972,2
0.999869,0.000131503,3.26276e-08,8.11335e-09,1.92448e-09,0
6.15867e-09,0.00479714,0.853754,0.141266,0.000182771,2
0.999973,2.73119e-05,2.87709e-10,2.61618e-11,2.60341e-12,0
0.999926,7.40767e-05,2.42409e-09,4.15552e-10,1.18121e-10,0
0.999971,2.92085e-05,4.58546e-10,6.1505e-11,1.49205e-11,0
0.00275952,0.939674,0.056855,0.000704379,6.9365e-06,0
7.45764e-15,5.65846e-05,0.999781,0.000162079,3.59483e-08,2
4.90886e-07,0.730638,0.269342,1.97483e-05,1.12259e-07,0
1.10828e-07,0.0884364,0.907586,0.00396417,1.37475e-05,0
0.0191846,0.980624,0.000191345,5.55318e-08,9.41945e-10,0
2.44456e-12,2.79003e-06,0.14955,0.850106,0.000340979,1
2.88301e-12,0.000247101,0.971127,0.0286203,5.22595e-06,2
0.0786015,0.921303,9.58545e-05,2.5763e-08,3.95409e-10,2
0.999828,0.000171917,2.28985e-08,6.59674e-09,2.18295e-09,0
1.13327e-13,1.18358e-07,0.0140939,0.985382,0.000524312,2
0.867626,0.132282,8.93039e-05,2.30898e-06,4.62758e-07,0
0.718041,0.281915,4.34024e-05,1.10279e-07,1.27731e-09,0
0.999613,0.000386111,5.36676e-07,2.85361e-07,6.87448e-08,0
0.997912,0.0020885,2.90475e-08,4.15626e-10,3.67431e-11,0
0.999159,0.00084119,1.371e-07,9.34807e-09,1.18728e-09,0
0.999659,0.000340403,1.92661e-07,8.77822e-08,2.47056e-08,0
2.78786e-06,0.278308,0.721381,0.000307933,3.64079e-08,0
0.0597745,0.93973,0.000494684,1.12687e-06,3.11034e-08,0
0.136601,0.858483,0.004676,0.000230074,1.0651e-05,0
0.999956,4.43528e-05,4.10337e-10,2.44927e-11,1.82716e-12,0
0.987961,0.0120385,4.06961e-07,3.59082e-09,1.61215e-10,1
0.00601408,0.977727,0.0162103,4.85369e-05,1.1546e-07,0
0.998987,0.00101272,8.94422e-08,2.78375e-09,8.13276e-11,0
0.999914,8.55559e-05,3.87337e-09,7.25901e-10,1.43979e-10,0
0.999246,0.000753979,8.77542e-10,4.58157e-12,1.65949e-13,0
0.99996,3.95626e-05,1.66276e-09,4.00097e-10,4.65799e-11,0
5.65661e-17,2.51887e-11,2.05337e-06,0.211786,0.788212,4
0.999807,0.000192576,3.39875e-08,6.91625e-09,9.56271e-10,0
2.84982e-15,3.05942e-06,0.998852,0.00114524,6.05555e-09,2
0.999931,6.87502e-05,6.74847e-11,1.82507e-12,2.64479e-13,0
0.999905,9.49802e-05,1.03205e-08,3.15624e-09,6.83109e-10,0
4.36978e-22,7.95977e-18,2.37529e-16,1.31267e-09,1.0,2
1.61278e-15,2.92792e-13,2.74215e-12,1.25319e-06,0.999999,2
0.179219,0.820619,0.000161866,2.53663e-07,6.57439e-10,0
0.437227,0.562595,0.000177087,3.95401e-07,7.04313e-09,0
0.999976,2.4023e-05,5.56234e-09,2.38284e-09,4.73509e-10,0
4.37183e-08,0.0358665,0.963604,0.000529365,2.98109e-07,2
1.9849e-17,1.14188e-10,0.00133897,0.998654,6.50906e-06,2
1.64727e-15,1.30641e-09,0.0029471,0.997049,3.78236e-06,2
0.0013553,0.995563,0.00307892,2.3627e-06,4.89841e-08,0
0.998514,0.00148603,1.57512e-07,1.05067e-08,1.78392e-09,0
0.00107007,0.920656,0.0664915,0.00422521,0.00755692,0
0.998845,0.00115488,2.73996e-07,2.44893e-08,1.75633e-09,0
1.61615e-21,3.33664e-17,1.41262e-12,0.000250147,0.99975,2
0.999956,4.37559e-05,5.24739e-10,4.5004e-11,9.34513e-12,0
0.99976,0.000239878,2.095e-08,2.38453e-09,2.5991e-10,0
0.999899,0.000101124,8.45136e-10,2.72582e-11,3.24543e-12,0
1.01117e-09,1.74186e-06,0.000427124,0.276703,0.722869,2
0.00695644,0.990152,0.00288915,2.58518e-06,7.99334e-08,0
1.39619e-14,3.68176e-11,1.03961e-09,2.32178e-05,0.999977,4
0.999941,5.95027e-05,8.19741e-11,2.02865e-12,2.47179e-13,0
0.906324,0.0936721,3.88545e-06,1.42516e-08,5.41528e-10,0
1.63547e-06,0.268452,0.731058,0.000487112,9.53332e-07,0
0.999511,0.000489258,4.79966e-08,6.16148e-09,1.40359e-09,0
0.999998,2.13441e-06,3.87159e-12,7.04845e-13,8.72144e-14,0
1.1305e-14,9.36038e-08,0.0368259,0.963124,5.05047e-05,3
0.999997,2.74767e-06,6.38074e-13,2.25259e-14,3.20357e-15,0
1.44959e-08,0.038096,0.949516,0.0123496,3.85835e-05,2
1.41056e-09,0.000394715,0.377729,0.617309,0.00456764,2
0.99805,0.00195014,4.69778e-10,3.99166e-13,1.81297e-14,0
0.0553646,0.772124,0.13832,0.0341074,8.37858e-05,1
0.9999,9.96109e-05,2.11865e-09,1.45841e-10,1.46064e-11,0
0.999992,7.71718e-06,1.74234e-11,1.5976e-12,1.17066e-13,0
0.298639,0.701243,0.000117732,1.61768e-07,1.19131e-08,0
0.395872,0.601652,0.00245057,2.22341e-05,3.35632e-06,0
0.985612,0.0143843,3.4298e-06,1.41474e-07,1.24325e-08,0
2.16744e-06,0.613567,0.386384,4.6768e-05,4.96132e-08,0
0.999995,5.38965e-06,5.38606e-12,1.80668e-13,6.00618e-15,0
0.999711,0.000288993,1.37648e-07,4.77347e-08,2.80074e-08,0
0.99943,0.000569852,1.3791e-08,1.15426e-09,1.6956e-10,0
3.49245e-16,4.89636e-05,0.999948,3.05729e-06,2.17465e-10,0
1.50429e-15,6.9756e-09,0.0344919,0.965505,3.06403e-06,2
0.999892,0.00010791,4.27452e-09,7.75905e-10,2.5198e-10,0
0.999984,1.62901e-05,3.66256e-10,4.63053e-11,2.56949e-12,0
0.999772,0.000228152,6.20502e-08,1.84556e-08,3.26404e-09,0
0.00020394,0.885168,0.114519,0.000109139,2.59134e-07,0
1.15449e-10,0.0020374,0.982129,0.0158327,5.73813e-07,2
7.56291e-09,0.23751,0.762476,1.40342e-05,1.16208e-08,1
2.50375e-08,0.0437409,0.948682,0.0075426,3.49583e-05,0
0.999995,4.8444e-06,8.95116e-13,2.32644e-14,1.30042e-15,2
1.0,2.18571e-07,1.25328e-13,2.15958e-14,1.41725e-15,0
0.999994,5.7522e-06,2.56437e-11,3.50894e-12,2.77962e-13,0
0.999508,0.000492411,5.88607e-09,1.45295e-10,1.16973e-11,0
0.999896,0.000104174,1.7034e-09,9.58454e-11,9.64495e-12,0
0.999996,3.99693e-06,3.80518e-11,7.48524e-12,9.49436e-13,0
0.999994,5.82111e-06,5.94544e-11,8.12714e-12,9.57639e-13,2
0.999931,6.94472e-05,2.87281e-10,1.25055e-11,5.92718e-13,0
0.999992,8.02876e-06,4.20926e-11,4.54826e-12,2.18134e-13,0
0.99951,0.000489939,9.64692e-09,3.25205e-10,3.71649e-11,0
0.967404,0.0325943,1.3993e-06,1.02875e-08,1.05058e-09,0
0.911631,0.0883674,1.4152e-06,3.04865e-09,7.00106e-11,0
0.999998,1.99151e-06,4.75897e-11,1.6555e-11,3.5332e-12,0
0.0425516,0.951677,0.00573834,3.27945e-05,5.80119e-07,0
7.59484e-15,1.57709e-08,0.0185922,0.981403,5.2163e-06,2
6.78479e-21,1.6116e-14,1.05252e-06,0.998513,0.0014855,2
0.99995,4.99825e-05,7.31149e-10,4.49842e-11,1.46599e-12,0
0.99998,2.0196e-05,2.29809e-10,2.43942e-11,2.7883e-12,0
1.1737e-11,2.4121e-06,0.05742,0.942427,0.000150127,3
7.02289e-15,2.02266e-06,0.984904,0.0150938,2.70856e-08,2
4.22841e-17,6.58061e-11,0.00156659,0.998432,1.27403e-06,3
0.999969,3.14623e-05,8.28501e-10,1.41965e-10,1.74315e-11,0
0.231506,0.768269,0.000223726,4.58682e-07,2.78998e-08,2
0.943371,0.0566095,1.86984e-05,3.46699e-07,2.8611e-08,0
2.73218e-11,2.51052e-05,0.926396,0.0735787,1.84562e-08,1
0.999682,0.00031806,8.30706e-08,2.82372e-08,8.02021e-09,0
9.91658e-05,0.685224,0.311951,0.00271198,1.40358e-05,1
0.999999,1.07864e-06,2.23876e-14,1.0762e-16,1.77465e-18,0
0.000368784,0.994612,0.00501771,1.23857e-06,1.53928e-08,0
0.999987,1.24632e-05,5.68857e-10,2.23007e-10,4.54188e-11,0
5.25602e-14,2.29035e-07,0.030912,0.96835,0.000737359,2
0.999995,4.66189e-06,3.80811e-11,6.6507e-12,1.31153e-12,0
3.96278e-14,9.8449e-05,0.999431,0.000470363,2.85188e-08,1
0.999959,4.13396e-05,3.55388e-11,1.40235e-12,1.78237e-13,0
0.999778,0.000221929,8.47994e-10,1.1962e-11,1.75094e-12,0
1.10317e-09,1.4149e-05,0.000914746,0.0340866,0.964984,0
0.113691,0.885723,0.000584632,1.06432e-06,2.7708e-08,0
0.999859,0.000140516,1.56047e-08,2.68133e-09,4.98558e-10,0
0.99999,9.89237e-06,4.196e-10,1.12687e-10,5.07659e-11,0
0.949293,0.0506925,1.39338e-05,2.67718e-07,7.35289e-09,2
0.998338,0.00166157,9.04675e-09,7.33744e-11,3.11285e-12,0
0.999824,0.000176061,4.69275e-09,4.36759e-10,2.94417e-11,0
0.999976,2.44574e-05,1.56059e-11,3.177e-13,3.00296e-14,0
0.999974,2.55731e-05,5.22564e-09,4.91982e-09,3.87577e-09,0
0.961609,0.0383653,2.43391e-05,7.60395e-07,2.01556e-07,2
4.86782e-06,0.0185365,0.522227,0.4312,0.0280312,2
0.999749,0.000251021,3.72435e-08,4.52281e-09,4.00616e-10,1
0.00841869,0.988598,0.0029816,1.91828e-06,5.79146e-08,0
0.996402,0.00359757,1.81372e-07,4.31523e-09,5.25662e-10,2
0.999998,1.71064e-06,4.46741e-12,7.85053e-13,1.0105e-13,0
0.984845,0.0151545,3.94348e-07,2.19173e-09,1.18352e-10,0
1.27992e-12,6.01386e-08,0.000454754,0.901479,0.0980663,2
0.999995,5.00062e-06,2.24341e-10,7.22421e-11,9.90298e-12,0
0.00879066,0.985006,0.00619854,5.11148e-06,2.45553e-10,0
0.999981,1.90377e-05,2.93782e-10,3.86023e-11,3.33471e-12,0
0.348514,0.642734,0.00832087,0.000415045,1.56229e-05,1
0.000747846,0.987548,0.0116852,1.83509e-05,9.16779e-07,0
6.84987e-12,0.000444157,0.996998,0.00255787,2.81945e-07,1
2.85998e-19,1.16914e-14,5.20545e-08,0.981692,0.0183083,2
0.999847,0.000152902,9.7947e-10,3.35641e-11,4.19582e-12,1
1.07155e-09,9.06143e-05,0.000274155,0.00112335,0.998512,4
0.997964,0.00203573,4.95891e-07,3.40212e-08,6.46949e-09,1
1.0,1.72453e-11,1.73769e-19,5.2492e-20,2.8189e-21,0
0.999599,0.000400788,7.31509e-09,4.24489e-10,1.02074e-10,0
0.0368932,0.961279,0.00182613,1.45101e-06,2.76292e-10,0
0.962786,0.0372113,3.14737e-06,2.56713e-08,6.99663e-09,0
0.00629133,0.990967,0.00273853,2.97082e-06,3.09516e-08,1
8.15737e-05,0.936206,0.0636246,8.79702e-05,2.16316e-07,0
0.988135,0.0118647,8.10975e-08,3.71558e-10,1.9904e-11,0
8.46303e-12,3.59484e-06,0.0222231,0.976538,0.00123539,3
0.999995,4.97585e-06,2.90406e-11,4.45442e-12,3.04999e-13,0
0.999777,0.000223281,5.38568e-10,5.8204e-12,6.78163e-13,0
8.13522e-06,0.0628395,0.81664,0.119902,0.000610342,2
0.999971,2.91999e-05,2.05273e-10,2.51916e-11,7.09192e-12,0
6.44133e-20,7.14156e-13,2.96078e-05,0.999401,0.000569156,4
0.999158,0.000842495,5.4806e-08,4.28493e-09,6.0247e-10,0
1.40566e-09,0.00743181,0.991967,0.000600715,3.37653e-07,0
2.68847e-13,5.26875e-05,0.946862,0.0530761,8.89219e-06,0
2.90386e-11,5.39661e-05,0.340135,0.659478,0.000332646,2
8.26656e-09,0.161878,0.838087,3.42154e-05,7.91451e-08,0
0.998334,0.00166538,7.04012e-07,1.13806e-07,3.39534e-08,0
0.996373,0.00362646,2.13979e-07,5.22898e-09,3.23318e-10,0
8.34958e-09,0.0151317,0.840837,0.135735,0.00829629,2
0.999996,4.00042e-06,3.91904e-12,2.996e-13,9.55791e-15,0
2.6053e-07,0.429496,0.570352,0.0001522,3.65856e-07,0
1.59269e-12,2.36235e-06,0.2254,0.774546,5.19271e-05,2
0.99964,0.000360129,3.5464e-08,4.23639e-09,1.0795e-09,0
0.999998,2.01148e-06,7.48596e-12,1.54932e-12,4.24546e-13,0
0.999989,1.07927e-05,7.56173e-12,1.91287e-13,9.39369e-15,2
0.198946,0.80045,0.000602123,1.74828e-06,3.2336e-08,0
0.999905,9.50565e-05,5.43872e-11,4.58072e-13,1.7712e-14,0
0.145903,0.853863,0.000234063,1.9447e-07,1.62948e-09,0
8.76612e-08,0.142847,0.857036,0.000117187,8.00764e-08,0
8.79572e-08,0.329949,0.670007,4.35357e-05,3.69558e-07,2
3.2086e-08,0.0180272,0.959221,0.022713,3.83332e-05,2
0.995264,0.00473631,9.20932e-08,1.01478e-09,6.96636e-11,0
0.999974,2.60017e-05,4.44908e-09,1.51292e-09,3.38184e-10,0
0.999987,1.2949e-05,1.12877e-10,1.02302e-11,1.18816e-12,0
0.999999,7.76846e-07,6.87287e-13,4.46318e-14,6.38499e-15,0
0.151099,0.848884,1.71404e-05,4.13946e-09,1.10368e-10,2
0.998806,0.00119351,1.3494e-07,1.14995e-08,3.36282e-09,0
0.99999,9.99845e-06,3.30067e-10,1.24611e-10,2.54543e-11,0
3.31584e-18,3.26403e-14,5.46255e-09,0.0869582,0.913042,3
5.08079e-12,0.000806224,0.998809,0.000384689,9.41505e-09,2
0.99959,0.000409584,2.19664e-07,5.48376e-08,1.08351e-08,0
0.885358,0.114641,8.00991e-07,6.11942e-10,3.85856e-12,0
0.999862,0.00013791,5.80178e-09,4.01939e-10,7.63326e-11,0
0.998709,0.00129025,5.74705e-07,4.55405e-08,1.5636e-08,0
0.999718,0.000281578,7.3651e-10,6.44063e-12,7.92403e-13,0
1.0,1.7989e-07,1.82306e-13,6.48308e-14,1.9754e-14,0
0.999271,0.000728978,2.71965e-08,9.27439e-10,4.11501e-11,0
0.999871,0.00012892,2.8432e-10,3.3339e-12,3.29795e-13,0
0.999995,4.67496e-06,1.19652e-10,3.71649e-11,9.42581e-12,0
0.999646,0.00035377,3.20004e-09,1.91543e-10,1.33556e-11,0
0.99994,5.99914e-05,5.50839e-11,4.31436e-13,7.90363e-14,0
0.999962,3.82093e-05,4.24232e-09,1.48671e-09,1.56751e-10,0
0.972889,0.0271105,4.22332e-07,1.26222e-09,7.92665e-12,0
0.000148333,0.302761,0.383071,0.143997,0.170022,0
4.81788e-05,0.653147,0.34545,0.001332,2.30604e-05,0
0.99999,9.49428e-06,1.95905e-11,1.31155e-12,6.15667e-14,0
1.5925e-12,0.000129442,0.996461,0.00340905,2.38631e-07,2
0.989426,0.01057,3.66404e-06,1.3192e-07,1.17025e-08,0
7.40008e-20,5.0679e-13,1.61823e-05,0.998207,0.00177676,2
0.999888,0.000111562,8.52115e-09,1.75719e-09,2.82816e-10,0
4.6595e-18,6.62173e-10,0.0121889,0.987788,2.33132e-05,2
0.999937,6.2882e-05,3.18278e-10,1.37216e-11,8.13223e-13,0
3.23282e-20,1.94302e-15,1.17147e-09,0.0550368,0.944963,3
6.31527e-16,1.33598e-10,0.000290052,0.999699,1.13749e-05,3
0.999981,1.91499e-05,1.81815e-11,5.5432e-13,5.31736e-14,0
0.999874,0.000125501,6.85898e-11,2.48454e-13,8.08061e-16,0
0.946869,0.0531304,1.6055e-07,8.55791e-11,1.15673e-12,0
0.999993,7.02151e-06,5.96616e-11,9.78438e-12,5.0895e-13,0
1.0,1.8248e-07,1.16267e-14,3.01203e-16,6.40685e-18,0
0.450643,0.549155,0.000201374,9.76502e-07,5.4454e-08,2
0.995192,0.00480735,6.50719e-07,4.40005e-08,5.41042e-09,0
0.999867,0.000133403,5.66714e-09,1.0322e-09,4.46072e-10,0
4.11276e-25,1.49037e-20,3.15183e-19,2.65669e-11,1.0,3
2.62124e-06,0.992685,0.00731234,2.0218e-08,1.54221e-11,0
7.97032e-07,0.916444,0.0835508,4.90954e-06,9.88262e-09,0
0.999999,1.31286e-06,1.33412e-12,9.20084e-14,6.98855e-15,0
0.96612,0.0338761,3.88174e-06,4.66523e-08,5.79279e-09,0
1.1971e-21,1.03265e-07,0.999995,4.513e-06,1.45267e-11,2
0.0317077,0.967108,0.00118192,1.81776e-06,8.13338e-08,0
1.0,1.68043e-07,1.23564e-13,2.37015e-14,9.27144e-15,0
0.998432,0.00156752,7.98198e-07,1.67088e-07,4.27625e-08,0
0.999172,0.000828227,8.10758e-08,1.33574e-08,2.68898e-09,0
0.999956,4.44358e-05,9.48946e-11,2.59918e-12,1.08375e-13,1
0.951818,0.0481816,8.78197e-08,1.87883e-10,2.62358e-12,0
0.999649,0.000350647,5.27159e-08,5.85374e-09,7.76741e-10,0
0.989758,0.0102421,1.00124e-08,3.17783e-12,2.1472e-14,0
0.999844,0.00015581,4.37115e-08,1.9262e-08,4.70342e-09,0
0.586522,0.413286,0.000188685,2.33772e-06,6.70415e-07,0
3.01224e-07,0.0334607,0.25687,0.120647,0.589022,0
0.999895,0.000105199,1.00366e-08,2.50092e-09,5.89671e-10,0
0.000188,0.983541,0.0162662,4.47452e-06,2.37549e-08,0
0.396727,0.603045,0.000226303,1.31615e-06,1.14838e-07,0
0.999996,3.91841e-06,1.77293e-12,4.40062e-14,1.58751e-15,0
0.994703,0.00529711,5.10971e-09,3.53622e-12,9.29456e-14,0
0.999997,2.66752e-06,7.84338e-11,2.03012e-11,2.85146e-12,0
0.902155,0.097811,3.31193e-05,4.02462e-07,2.56452e-08,0
0.999521,0.000479206,1.362e-08,1.01129e-09,3.99741e-10,0
0.999318,0.000681962,1.74452e-08,8.08757e-10,2.98481e-10,0
0.00559613,0.994232,0.000171577,4.65845e-08,4.594e-10,0
0.999885,0.000115072,2.45644e-08,5.3408e-09,1.37896e-09,0
4.71724e-06,0.777736,0.222198,6.18101e-05,1.3212e-07,0
0.0108538,0.97957,0.0095376,3.86241e-05,1.93604e-07,0
0.701707,0.298248,4.4598e-05,3.47008e-07,4.68342e-08,0
0.913554,0.0864427,3.13501e-06,7.2894e-09,2.78149e-10,0
0.999992,7.97567e-06,3.83913e-10,1.08835e-10,9.5029e-12,0
5.30254e-14,1.21549e-10,4.32019e-07,0.0992469,0.900753,2
0.914132,0.0858568,1.08155e-05,1.17112e-07,5.63556e-09,0
0.999919,8.08808e-05,6.17684e-08,4.04067e-08,1.62461e-08,0
0.997157,0.00284332,3.80267e-08,5.48993e-10,3.02718e-11,2
0.518959,0.480911,0.000128864,6.83288e-07,4.79234e-08,2
0.999714,0.000285859,4.56138e-10,5.0841e-12,2.49144e-13,0
7.35335e-16,3.45964e-06,0.996559,0.00343737,2.54292e-08,0
2.76599e-06,0.162932,0.796672,0.0399769,0.000416287,2
0.999938,6.22078e-05,5.95268e-11,1.12084e-12,1.261e-13,0
1.49037e-18,1.11183e-09,0.544962,0.455038,1.01626e-08,2
7.62096e-15,2.64081e-06,0.767475,0.2323,0.000222852,2
0.999984,1.64495e-05,1.19672e-10,3.61989e-11,3.81048e-11,0
0.999761,0.000239436,1.20371e-08,1.34885e-09,1.93196e-10,0
0.999851,0.000148685,3.75619e-10,5.45306e-12,1.97143e-13,0
0.108131,0.890696,0.00116951,3.26261e-06,1.43176e-07,0
1.81981e-15,4.80242e-06,0.994163,0.00583149,2.11129e-07,1
6.51783e-11,1.50666e-08,1.93596e-05,0.494254,0.505727,2
0.685634,0.314332,3.37846e-05,1.42504e-07,1.6061e-08,0
3.01361e-16,1.3805e-07,0.546164,0.453822,1.44295e-05,2
0.999775,0.000224502,9.72832e-11,2.49354e-13,1.44511e-15,0
0.999112,0.000886657,1.00586e-06,2.72108e-07,5.7833e-08,0
0.975227,0.0247674,5.63751e-06,2.29971e-07,5.39182e-08,1
0.999947,5.32478e-05,8.86914e-11,3.60702e-12,5.77937e-13,4
0.898211,0.101785,3.83838e-06,9.93863e-09,2.36509e-10,0
0.834529,0.165401,6.97927e-05,3.50854e-07,1.67876e-09,0
0.991957,0.00804244,2.7683e-07,4.44841e-09,5.25666e-10,0
0.914892,0.0851054,2.59508e-06,1.23006e-08,1.06829e-09,1
3.23853e-06,0.723451,0.276393,0.000151491,3.3693e-07,0
0.999803,0.000196521,7.41905e-12,4.958e-15,7.80552e-17,0
2.4548e-13,6.99216e-06,0.619377,0.380606,9.2886e-06,1
0.0966249,0.875874,0.0271062,0.0003952,1.5061e-07,0
0.116866,0.883068,6.68247e-05,1.40535e-08,3.18263e-10,0
0.999908,9.21668e-05,1.5989e-09,2.39406e-10,4.24694e-11,0
2.04908e-08,0.0525869,0.946721,0.000689123,3.18261e-06,1
0.305485,0.694126,0.000388507,9.91948e-07,2.75472e-08,0
0.999358,0.00064202,3.40527e-09,5.93853e-11,2.4934e-12,2
0.0015017,0.898001,0.0992861,0.00120639,4.93148e-06,2
0.999877,0.00012251,1.80674e-10,2.55874e-12,1.22255e-13,0
1.0,7.57401e-08,9.4882e-15,7.54051e-16,1.5334e-16,0
0.520563,0.479403,3.44592e-05,6.03238e-08,2.42474e-09,0
0.999928,7.16173e-05,1.46624e-08,4.60285e-09,7.31332e-10,0
0.000867151,0.990582,0.00854775,3.46671e-06,4.98556e-08,2
0.881306,0.118691,2.71625e-06,1.00984e-09,8.36063e-12,0
0.999837,0.000162859,2.52046e-08,4.38903e-09,7.96465e-10,0
0.999482,0.000517659,7.99188e-08,1.44881e-08,2.82835e-09,0
0.999993,7.43653e-06,1.22266e-10,2.23051e-11,2.06821e-12,0
0.000192039,0.992016,0.00779044,1.80898e-06,1.32992e-08,0
1.90599e-06,0.00490736,0.187187,0.804117,0.00378664,2
0.999879,0.000120912,1.8982e-08,4.13053e-09,3.83053e-10,0
0.999998,1.74387e-06,2.74679e-11,6.99656e-12,1.44046e-12,0
0.999877,0.000122894,8.56075e-10,3.37033e-11,8.09642e-12,0
3.88591e-05,0.953175,0.0467817,4.26802e-06,1.10825e-09,0
0.733561,0.265933,0.000467382,3.30316e-05,6.04981e-06,0
0.00780321,0.990602,0.00159423,9.4235e-07,7.88338e-08,0
0.999957,4.29601e-05,1.13648e-09,1.36639e-10,1.202e-11,0
0.99837,0.00162994,1.1325e-08,1.32875e-10,9.17811e-12,2
0.435513,0.564421,6.58861e-05,1.22408e-07,1.99594e-09,0
0.999976,2.43282e-05,4.26722e-11,9.21915e-13,7.52754e-14,0
0.0388149,0.960488,0.000696753,5.57923e-07,9.24774e-09,0
0.000210515,0.990003,0.00978344,3.36906e-06,6.51978e-08,2
1.0,3.39037e-07,1.25569e-12,3.50956e-13,3.82697e-14,0
0.993569,0.00642976,1.13756e-06,5.04722e-08,5.21038e-09,0
2.6112e-10,6.58255e-06,0.00042978,0.0354292,0.964134,2
0.999029,0.00097056,4.82379e-08,2.40955e-09,3.40394e-10,0
5.70738e-11,1.59915e-07,0.000922534,0.994811,0.00426653,2
0.999992,7.49641e-06,1.66501e-11,1.05451e-12,8.03679e-14,0
0.999843,0.000157109,2.20765e-09,1.83272e-10,2.25341e-11,0
0.000144189,0.98214,0.0177115,4.41873e-06,8.33805e-08,0
0.994663,0.00533344,2.79348e-06,3.51906e-07,4.53733e-08,0
0.999073,0.000927211,9.48854e-09,3.21226e-10,3.5098e-11,0
0.999998,1.71732e-06,1.61819e-11,5.62856e-12,2.7442e-12,0
1.0,5.15512e-07,5.78801e-13,5.64904e-14,3.86217e-15,0
0.0121085,0.977277,0.0106013,1.27948e-05,9.29554e-08,0
0.99849,0.0015094,6.51749e-08,3.46979e-09,4.99077e-10,0
0.999902,9.82369e-05,1.75361e-08,5.68884e-09,2.51345e-09,0
0.999999,1.17805e-06,5.31558e-12,1.03376e-12,1.43065e-13,0
0.999892,0.00010844,1.49377e-08,1.86771e-09,2.3472e-10,0
3.22811e-21,2.11945e-17,3.86083e-13,0.000140954,0.999859,3
3.53764e-20,1.69531e-13,8.83327e-07,0.846493,0.153506,2
0.983263,0.0167371,4.78068e-08,6.10467e-11,1.64905e-12,0
0.99977,0.000230431,8.64473e-09,9.997e-10,4.14181e-10,1
0.999997,2.79198e-06,2.04218e-11,3.37787e-12,5.63209e-13,0
0.0101026,0.986651,0.00324368,2.77578e-06,1.10557e-07,0
2.9416e-10,2.11233e-06,1.05167e-05,0.000617096,0.99937,4
2.00132e-09,0.0288949,0.970758,0.00034663,5.40136e-07,0
0.999918,8.17168e-05,1.91564e-09,1.90044e-10,1.35784e-11,0
0.000266422,0.909656,0.0899799,9.65139e-05,1.5789e-06,1
0.999952,4.77881e-05,7.82855e-11,3.57425e-12,1.76381e-13,0
0.999996,3.85022e-06,1.21159e-12,1.96611e-14,1.03513e-15,0
0.999913,8.71428e-05,3.95481e-08,1.69901e-08,3.48054e-09,0
0.999735,0.000264704,5.56006e-08,1.16734e-08,4.33952e-09,1
0.0250036,0.974831,0.000165622,6.38564e-08,4.33301e-09,0
0.999971,2.8987e-05,6.90579e-10,1.01341e-10,1.11108e-11,1
3.69272e-16,3.72475e-07,0.903422,0.0965758,1.97529e-06,2
0.99949,0.000510022,5.19824e-08,4.67182e-09,6.26418e-10,0
0.999781,0.000218313,6.92085e-08,1.46578e-08,1.97618e-09,1
0.999932,6.75518e-05,3.5754e-09,6.3047e-10,9.5682e-11,0
3.99552e-14,4.96762e-10,0.000347311,0.999648,4.55459e-06,3
0.999998,1.75396e-06,3.5616e-12,4.64083e-13,2.69976e-14,0
0.994217,0.00578204,9.8664e-07,6.19575e-08,1.05825e-08,0
0.604809,0.395188,2.89812e-06,1.13022e-09,3.18401e-11,0
0.000992917,0.985327,0.0136745,5.07343e-06,4.00964e-08,0
0.99995,5.00025e-05,2.02208e-11,2.5825e-13,1.30107e-14,0
0.999865,0.00013507,1.94755e-08,4.20519e-09,1.0208e-09,0
0.999456,0.00054444,2.89184e-08,2.66971e-09,5.53968e-10,0
0.999937,6.30281e-05,1.52905e-11,2.27878e-14,7.57567e-16,0
1.41103e-09,0.257892,0.742105,3.56733e-06,4.89323e-09,0
0.999985,1.45442e-05,5.56656e-10,1.76081e-10,2.83127e-11,0
0.999157,0.000843342,4.40026e-08,4.5096e-09,1.09375e-09,0
0.995953,0.00404716,5.99347e-08,2.97448e-10,8.53181e-12,0
0.999852,0.00014825,7.67174e-09,1.18202e-09,2.05411e-10,0
0.942282,0.0577114,6.47271e-06,8.28493e-08,3.48324e-09,2
0.997776,0.00222356,2.32572e-08,1.86767e-10,7.1977e-12,0
7.67748e-05,0.892732,0.0937475,0.00840432,0.00503909,4
0.999802,0.00019823,7.66364e-10,1.24209e-11,4.55167e-13,0
0.999999,9.16796e-07,8.49578e-12,2.15194e-12,1.74785e-13,0
0.00231075,0.995035,0.00265147,2.33392e-06,3.65231e-08,0
0.999983,1.71573e-05,2.51486e-11,7.14385e-13,6.29742e-14,0
0.999825,0.000174577,2.96645e-10,4.92329e-12,5.58211e-13,0
0.931184,0.0688125,2.94252e-06,1.22166e-08,4.0959e-10,0
0.999983,1.74324e-05,1.00126e-09,2.85892e-10,7.73594e-11,0
0.995189,0.00481112,7.3022e-08,5.69821e-10,1.89382e-11,0
0.00453533,0.976785,0.0186514,2.73176e-05,5.54544e-07,0
0.994837,0.00516296,2.17657e-07,3.69744e-09,3.55267e-10,0
0.635898,0.364067,3.45675e-05,1.19757e-07,1.2983e-08,0
0.0688867,0.930127,0.000983959,2.04073e-06,5.25008e-08,0
0.0375939,0.960579,0.00182056,6.0099e-06,2.84597e-07,0
0.994094,0.00590595,2.58856e-07,7.79402e-09,9.21386e-10,0
0.999956,4.43948e-05,3.46166e-10,2.65502e-11,4.37152e-12,0
0.999998,2.18373e-06,3.1217e-12,2.62111e-13,3.67581e-14,0
0.999855,0.000145157,1.6767e-07,8.916e-08,1.39288e-08,0
0.999999,7.65386e-07,2.24242e-12,2.9946e-13,1.46162e-14,0
0.998432,0.00156774,5.0066e-08,6.82449e-10,4.55177e-11,1
0.999991,9.10498e-06,2.29011e-10,6.0237e-11,1.43305e-11,0
0.480849,0.519018,0.000132354,5.77183e-07,7.00107e-08,0
9.80599e-20,3.89345e-14,2.99649e-07,0.962879,0.037121,3
3.83377e-05,0.965457,0.0344989,6.07652e-06,1.05871e-08,0
0.948158,0.0518416,2.51555e-07,4.73116e-10,4.82293e-11,0
0.999992,8.1368e-06,7.27307e-12,3.14232e-13,3.04632e-14,0
0.999985,1.47607e-05,8.36574e-12,1.01603e-13,6.83515e-15,0
0.000266011,0.688492,0.299676,0.0113682,0.000197548,0
0.999984,1.56934e-05,1.59699e-09,4.58569e-10,1.05086e-10,0
0.999944,5.58909e-05,3.27963e-09,6.12226e-10,8.37307e-11,0
0.000410292,0.838238,0.16119,0.000159578,1.68009e-06,0
3.76316e-06,0.927366,0.0726218,8.08346e-06,9.69631e-09,0
0.999982,1.82171e-05,3.13361e-12,8.70654e-15,4.71027e-17,0
0.999996,3.6706e-06,3.77731e-11,8.03718e-12,1.4449e-12,0
0.999751,0.000249069,3.31404e-09,1.98738e-10,2.82754e-11,0
0.989084,0.0109158,4.74594e-07,5.22544e-09,5.79286e-10,0
0.999547,0.000452709,1.60616e-08,5.38559e-10,7.63515e-11,0
0.971213,0.0287517,3.16934e-05,2.72263e-06,9.11584e-07,0
0.99971,0.000289998,5.76397e-08,1.44182e-08,2.57741e-09,0
0.999845,0.000155479,4.32849e-09,3.99675e-10,5.34199e-11,0
0.00408657,0.991272,0.00463573,5.63569e-06,1.20452e-07,0
0.999817,0.000182525,1.85564e-08,4.69208e-09,1.18793e-09,0
0.994,0.0059999,1.35746e-08,1.16477e-10,8.64362e-11,0
0.995347,0.00465321,6.96263e-08,2.83947e-09,5.58185e-10,0
2.89833e-12,8.10651e-07,0.0810485,0.918548,0.000402557,2
0.996949,0.0030513,6.04993e-08,7.67393e-10,1.3719e-11,0
0.999589,0.000411104,3.9977e-09,9.54571e-11,7.59579e-12,0
0.999976,2.3562e-05,9.80851e-10,1.8772e-10,6.40608e-11,0
0.999202,0.000797902,1.01871e-07,1.1098e-08,2.78782e-09,0
0.57758,0.422114,0.000303825,2.52156e-06,4.28594e-08,0
0.999689,0.000311196,3.91027e-09,8.37558e-11,1.86356e-12,2
0.99918,0.000820093,9.97732e-09,1.53968e-10,6.31495e-12,0
0.999808,0.000191741,6.80048e-10,1.54714e-11,8.26119e-13,0
9.46269e-06,0.951243,0.0487447,3.26348e-06,1.96709e-08,0
0.874972,0.125008,1.93684e-05,2.28307e-07,2.95667e-08,0
0.00556719,0.994093,0.000339609,4.5804e-08,2.28568e-10,0
4.6926e-12,3.59478e-09,0.000117033,0.997353,0.0025297,3
0.765422,0.234362,0.000211589,4.1465e-06,2.91732e-07,2
0.999705,0.000295302,4.80918e-08,6.14384e-09,1.08903e-09,0
2.09747e-13,4.64786e-08,0.00411249,0.995371,0.000516585,2
0.998686,0.00131432,2.15605e-08,3.59975e-10,1.90485e-11,0
7.49235e-13,0.000334006,0.997307,0.00235829,3.9369e-07,2
0.999969,3.0845e-05,3.31048e-09,1.19464e-09,3.2824e-10,0
0.000292145,0.997859,0.00184891,1.58829e-07,4.16546e-09,0
1.66505e-14,1.88233e-05,0.99932,0.000660847,1.56192e-08,1
0.0503725,0.94932,0.000307449,4.1776e-07,9.93225e-09,0
2.37564e-22,2.78133e-18,1.39693e-17,6.17842e-11,1.0,4
0.999999,7.97327e-07,3.27133e-12,6.68795e-13,5.86478e-14,0
0.854219,0.145777,4.68808e-06,8.67719e-09,1.44903e-09,0
0.999999,1.29121e-06,7.96635e-12,3.41644e-12,1.07664e-12,0
1.0,1.66895e-08,1.20515e-16,3.75557e-18,7.00163e-20,0
1.87139e-08,0.182156,0.817717,0.00012738,9.07898e-08,0
0.999987,1.27083e-05,1.87912e-10,2.57009e-11,3.90169e-12,2
0.993564,0.00643534,4.33143e-07,1.18181e-08,1.28381e-09,0
0.00357376,0.888329,0.106167,0.00192589,4.2007e-06,0
0.00704518,0.989363,0.00358261,8.98099e-06,6.11046e-07,0
0.0365696,0.960701,0.00272595,3.61559e-06,5.77315e-09,0
0.995484,0.00451538,1.62924e-07,1.20269e-08,2.08723e-08,0
0.99978,0.000219792,1.13634e-09,2.64805e-11,1.20464e-12,0
1.0,4.48329e-08,1.47445e-15,5.66843e-17,1.92172e-18,0
0.000164782,0.979676,0.0201556,3.34375e-06,4.21875e-08,0
3.42949e-06,0.673187,0.326701,0.000109093,6.18102e-08,0
5.9417e-09,0.0165767,0.977263,0.00615846,1.76335e-06,1
1.71786e-06,0.494309,0.505643,4.61535e-05,1.37053e-08,0
8.7873e-19,1.068e-14,1.66675e-08,0.795939,0.204061,3
0.999902,9.85028e-05,9.69282e-09,1.76987e-09,3.63517e-10,0
0.578875,0.420528,0.000584605,1.20584e-05,7.09316e-08,0
0.247131,0.750758,0.002099,1.12994e-05,6.9967e-07,0
0.999997,2.51637e-06,6.91154e-12,1.26214e-12,1.50495e-13,2
4.43513e-08,0.0200115,0.882742,0.0944808,0.00276514,2
0.999996,3.69406e-06,9.89022e-12,1.06507e-12,1.65411e-13,1
0.998578,0.00142217,7.67294e-09,9.20748e-11,4.59984e-12,0
8.14259e-07,0.355843,0.643789,0.000362793,4.4178e-06,1
0.999994,6.40074e-06,1.6769e-11,1.96544e-12,3.83689e-13,0
0.97419,0.0258084,1.00379e-06,6.29763e-09,2.06612e-10,0
0.598173,0.401558,0.000258945,6.51926e-06,3.76699e-06,0
0.999891,0.000109021,4.00292e-11,2.3476e-13,9.02535e-15,0
0.998194,0.00180535,6.39808e-07,7.10098e-08,1.62925e-08,1
0.999902,9.77771e-05,2.41255e-10,2.29477e-12,6.84074e-14,1
1.82725e-11,1.6323e-06,0.0226946,0.976608,0.000695755,2
0.915774,0.0842064,1.93944e-05,1.35859e-07,2.11332e-09,0
0.99976,0.000239937,2.9486e-08,4.18624e-09,4.88897e-10,0
1.38243e-05,0.0433804,0.240406,0.318402,0.397798,4
0.99998,2.0209e-05,4.11817e-10,8.65287e-11,2.14472e-11,0
3.63986e-13,3.27785e-07,0.0350736,0.964591,0.000335309,3
0.999998,2.37912e-06,4.22889e-11,4.34181e-11,5.57814e-11,0
0.999907,9.26308e-05,7.43502e-09,1.52129e-09,2.06481e-10,0
0.000785867,0.688886,0.309289,0.00103929,1.64761e-07,2
0.999979,2.12426e-05,6.25258e-09,2.55809e-09,3.62301e-10,0
0.999525,0.000474855,3.39965e-09,1.6505e-10,2.298e-11,0
0.999087,0.000912724,1.15867e-07,7.48589e-09,1.17886e-09,0
0.000639768,0.994563,0.00479535,1.8965e-06,3.03123e-09,0
0.999999,1.47031e-06,2.46533e-12,3.41331e-13,3.4663e-14,0
3.2394e-14,2.63819e-06,0.902666,0.0973294,1.6833e-06,2
0.0752851,0.923043,0.00165886,1.31962e-05,1.82148e-07,0
0.991825,0.00817469,2.25212e-07,2.65576e-09,1.77705e-10,0
0.999998,2.44022e-06,6.65951e-13,1.88653e-14,1.29739e-15,0
1.57024e-12,0.00115943,0.99864,0.00020109,1.5488e-08,0
0.560356,0.439595,4.92815e-05,1.76912e-07,9.02535e-09,0
0.960383,0.0396157,1.55679e-06,9.73536e-09,1.11746e-09,0
0.99883,0.00116939,6.72998e-08,2.98097e-09,4.74085e-10,0
0.999909,9.07336e-05,3.758e-10,1.19545e-11,6.05018e-13,0
5.74757e-10,0.00123754,0.991057,0.00770061,4.52132e-06,2
0.0448615,0.9548,0.000338664,2.7796e-07,7.78365e-09,0
1.35722e-09,8.87504e-05,0.410547,0.589074,0.000289649,2
0.00177771,0.997625,0.000597045,5.9279e-08,9.17614e-10,0
0.999949,5.13349e-05,1.36138e-09,1.4557e-10,1.29512e-11,0
0.125054,0.87034,0.00455719,4.89274e-05,2.20204e-07,0
0.941177,0.058823,4.64757e-07,7.91586e-10,3.732e-11,0
0.695517,0.304463,1.96825e-05,3.364e-08,1.58254e-09,0
0.999255,0.000745178,3.55965e-09,4.8275e-11,4.00631e-12,0
2.13322e-05,0.0756984,0.60691,0.313272,0.00409893,2
0.356596,0.643119,0.000283972,1.29021e-06,3.26346e-08,0
0.999942,5.77897e-05,1.46649e-09,1.86494e-10,2.51192e-11,0
0.999926,7.42027e-05,1.43734e-09,1.75567e-10,3.6227e-11,0
0.999992,8.05396e-06,1.02596e-10,1.24572e-11,1.15405e-12,0
0.999995,4.95932e-06,1.56112e-10,4.64281e-11,8.52324e-12,0
0.999687,0.000313012,9.10293e-08,2.16516e-08,5.07719e-09,0
4.13947e-06,0.283728,0.712487,0.00375139,2.9789e-05,2
0.999981,1.86833e-05,1.22769e-11,4.65817e-13,3.24742e-14,0
0.999552,0.000447425,3.55729e-07,1.50573e-07,7.60431e-08,0
7.93476e-10,0.0399689,0.959979,5.16223e-05,3.09892e-07,0
0.999995,5.40595e-06,8.41005e-12,6.6914e-13,5.53539e-14,0
0.992547,0.00745244,6.86498e-07,1.35796e-08,1.15648e-09,0
8.78909e-08,0.162207,0.837508,0.000284454,5.35619e-07,0
0.999982,1.75739e-05,9.72314e-10,2.20539e-10,2.43966e-11,0
0.0237931,0.975295,0.000910695,6.94754e-07,2.26026e-08,0
0.999578,0.000421796,4.54634e-09,1.95414e-10,2.32117e-11,0
0.999971,2.87346e-05,2.15383e-10,1.43198e-11,5.3873e-12,0
0.999931,6.89341e-05,1.15521e-08,3.60455e-09,1.38068e-09,0
0.999989,1.103e-05,1.2973e-11,4.38236e-13,1.39405e-14,0
5.72423e-15,5.60196e-05,0.996801,0.00314321,8.38253e-08,2
0.999979,2.09188e-05,3.74822e-11,7.92561e-13,3.16013e-14,0
0.996469,0.00353079,3.48556e-09,1.01083e-11,6.46842e-13,0
0.999998,2.23064e-06,1.88078e-12,1.62712e-13,2.27609e-14,0
6.77109e-07,0.272872,0.7262,0.000927129,4.61737e-07,0
1.0,9.2444e-08,1.09662e-13,1.88903e-14,1.22994e-15,0
0.999679,0.000320998,1.89998e-07,7.31721e-08,1.83784e-08,0
0.997676,0.00232393,6.84964e-09,4.56933e-11,2.79716e-12,0
0.999465,0.000535158,2.84485e-07,7.77961e-08,2.28864e-08,0
0.999976,2.4423e-05,1.5953e-10,1.60178e-11,2.92276e-12,0
0.0439872,0.955568,0.000444162,7.13279e-07,1.24153e-08,2
0.999624,0.000376162,1.12305e-07,3.50146e-08,7.98917e-09,0
0.999968,3.21092e-05,1.6062e-09,3.78263e-10,8.71416e-11,0
0.357243,0.642271,0.000482832,3.29143e-06,1.03206e-07,0
0.999961,3.945e-05,4.06017e-10,6.53377e-11,9.08299e-12,0
0.99998,2.01762e-05,2.72136e-12,1.95852e-14,7.9205e-16,0
0.999948,5.20009e-05,7.46678e-11,1.91933e-12,1.73851e-13,0
0.999996,4.42286e-06,2.66764e-11,6.85159e-12,2.57605e-12,0
0.999993,6.50165e-06,5.81148e-10,2.2837e-10,2.99434e-11,0
0.99996,4.039e-05,4.74013e-11,6.84268e-13,4.07088e-14,0
0.158001,0.841379,0.000618781,9.65784e-07,2.76132e-08,0
0.999831,0.000168936,5.65368e-08,1.91777e-08,2.79512e-09,0
9.02671e-07,0.181546,0.815986,0.0024579,8.69549e-06,0
0.317742,0.682114,0.00014428,2.33756e-07,1.46079e-08,0
1.94771e-08,0.391108,0.608882,9.75239e-06,1.60736e-08,2
0.999995,4.98012e-06,5.7733e-13,4.44301e-15,1.75188e-16,0
3.82024e-06,0.522899,0.476624,0.000471449,2.07237e-06,2
0.502144,0.497644,0.000211976,8.73926e-07,4.77425e-08,0
0.999959,4.07957e-05,1.64515e-10,7.0793e-12,1.17371e-12,0
0.00160888,0.996219,0.00217199,6.31309e-07,1.59763e-09,2
0.999923,7.67118e-05,6.00708e-08,3.43896e-08,4.67624e-09,0
3.19802e-08,0.264129,0.735855,1.68599e-05,1.03206e-08,0
0.00124403,0.995917,0.00283844,9.6661e-07,9.37517e-09,0
1.07402e-05,0.761171,0.236857,0.00156795,0.000393527,4
1.74605e-09,0.00437364,0.976366,0.019259,1.12091e-06,0
6.31239e-05,0.99726,0.00267679,1.24693e-07,1.80748e-09,0
0.999996,4.05528e-06,3.10616e-12,1.85812e-13,2.76586e-14,0
0.987008,0.0129919,1.59047e-07,9.71214e-10,2.2089e-11,0
0.99896,0.00103864,9.44435e-07,2.02669e-07,3.82411e-08,0
6.54259e-15,3.0159e-05,0.998535,0.00143493,2.94698e-08,0
0.999322,0.000677521,9.74423e-08,9.378e-09,6.8259e-10,0
0.0236536,0.974553,0.00176011,3.22638e-05,9.51058e-07,4
0.99978,0.000219538,6.8103e-09,5.61212e-10,1.88122e-11,0
6.26902e-13,0.00145238,0.998534,1.347e-05,2.58053e-09,2
0.000229223,0.383084,0.576545,0.0400817,6.04975e-05,0
4.0077e-15,1.1353e-06,0.830795,0.169203,5.35105e-07,2
1.48829e-16,5.10342e-12,4.78262e-06,0.999278,0.000717269,3
0.082627,0.917186,0.000186851,1.37905e-07,4.38374e-09,0
0.999995,4.56888e-06,1.60263e-11,1.97252e-12,2.09901e-13,0
5.69513e-13,1.44981e-06,0.130519,0.869322,0.000156596,2
1.42332e-15,5.69871e-12,4.71518e-07,0.667514,0.332486,2
1.37958e-05,0.169034,0.814544,0.0164,8.68043e-06,1
0.999998,1.83001e-06,1.56189e-11,3.12424e-12,4.20906e-13,0
0.999908,9.20938e-05,8.91249e-10,4.24032e-11,7.41567e-12,0
0.999262,0.000736367,1.29051e-06,5.15229e-07,2.66858e-07,0
0.999997,2.94746e-06,2.64535e-11,7.27657e-12,2.33603e-12,0
0.999962,3.76287e-05,4.3852e-11,1.19688e-12,8.2155e-14,0
0.999983,1.66394e-05,1.23111e-09,4.02738e-10,1.5789e-10,0
3.57857e-16,3.94779e-09,0.00857266,0.991422,5.53971e-06,3
6.21304e-15,2.79324e-09,0.000471562,0.996497,0.00303114,2
0.99953,0.000470331,2.79837e-08,2.02392e-09,2.525e-10,2
6.77861e-16,6.13701e-11,0.000124663,0.999835,4.04221e-05,2
1.10725e-09,1.32727e-06,0.000420068,0.498854,0.500725,0
0.999435,0.000564603,5.03915e-08,6.49795e-09,1.75507e-09,0
7.52186e-13,2.13659e-05,0.95529,0.0446877,1.33727e-06,2
0.999932,6.80541e-05,1.41711e-09,1.5569e-10,2.69948e-11,1
0.0012324,0.987841,0.0109157,1.07591e-05,1.06849e-07,0
0.991299,0.00870122,3.45279e-08,6.48231e-11,4.20597e-13,0
4.63846e-15,4.90302e-10,9.10095e-05,0.991408,0.00850101,2
2.72611e-18,4.34509e-13,7.36234e-07,0.961402,0.0385968,4
0.999978,2.22223e-05,1.05006e-09,2.65551e-10,8.02836e-11,0
1.40249e-15,9.64559e-07,0.989523,0.0104761,2.99693e-08,2
0.999961,3.89411e-05,3.98299e-11,1.03566e-12,1.43874e-13,0
0.000771339,0.995919,0.00330871,9.87778e-07,2.20519e-08,0
0.999998,1.50061e-06,6.45473e-13,7.14106e-14,5.21805e-15,0
0.00305878,0.996152,0.000788625,1.14015e-07,4.75922e-10,0
0.998061,0.00193922,1.45238e-07,5.67052e-09,1.18989e-10,0
3.93746e-21,9.96874e-18,1.38297e-16,2.32992e-09,1.0,4
0.63143,0.368563,6.92801e-06,3.16113e-09,9.21541e-11,1
0.984204,0.0157941,2.00057e-06,2.83302e-08,1.76951e-09,0
0.999824,0.000175756,2.11782e-08,5.66597e-09,1.89791e-09,0
6.52988e-14,2.09742e-06,0.107612,0.89112,0.00126609,1
0.749677,0.250288,3.48181e-05,1.31213e-07,7.62339e-09,0
0.999881,0.000119236,3.03938e-10,1.07245e-11,1.05531e-12,0
7.86941e-06,0.674537,0.32529,0.000164642,4.41829e-07,2
0.386789,0.61291,0.000300074,1.36799e-06,3.74661e-08,0
0.912317,0.0876806,2.15864e-06,3.48977e-09,2.13909e-11,0
0.999926,7.4215e-05,1.18028e-09,8.85464e-11,5.06125e-12,0
6.86149e-15,3.8701e-10,5.46731e-05,0.964535,0.03541,2
0.424218,0.575616,0.000164722,5.96999e-07,1.13974e-08,0
0.99971,0.00029045,1.41133e-08,1.84693e-09,2.50486e-10,0
0.321856,0.677763,0.000378984,1.77632e-06,1.33716e-07,0
3.71725e-12,1.09063e-07,0.00142667,0.994967,0.00360589,3
0.999984,1.56244e-05,3.02536e-10,4.53832e-11,5.04735e-12,0
0.999846,0.000154041,1.13878e-09,3.51696e-11,1.07857e-12,0
0.998628,0.00137238,1.58585e-08,3.05439e-10,1.9524e-11,0
0.999737,0.000262604,1.28739e-08,2.18584e-09,4.28845e-10,0
1.57952e-05,0.423528,0.575344,0.00111248,6.79265e-07,0
6.4424e-08,0.196235,0.803701,6.37067e-05,5.50886e-08,0
1.14271e-12,7.97959e-08,0.00449005,0.995176,0.000333412,2
0.999999,1.4888e-06,2.20357e-11,6.73788e-12,9.39492e-13,0
0.131844,0.868072,8.40429e-05,4.05081e-08,1.12269e-09,0
0.999854,0.000145871,1.01454e-08,1.18203e-09,9.38902e-11,0
0.999985,1.5518e-05,4.40229e-11,9.51937e-13,8.78636e-15,2
4.77742e-07,0.0200745,0.900709,0.0792149,8.69464e-07,2
4.622e-26,2.97027e-17,4.62287e-06,0.999995,1.94224e-07,2
3.4332e-06,0.315314,0.678591,0.00586033,0.000231354,0
0.0265573,0.973371,7.17658e-05,1.2564e-08,3.37076e-10,0
2.2346e-12,0.00113142,0.998497,0.000371138,4.70465e-08,2
0.000674547,0.980352,0.0189523,2.13967e-05,2.18866e-07,0
0.307401,0.692558,4.01262e-05,4.63993e-08,2.74636e-09,0
0.999999,1.24231e-06,1.02835e-11,2.77546e-12,8.81711e-13,0
0.999999,9.73212e-07,9.25536e-12,2.35156e-12,1.97728e-13,0
0.999922,7.76984e-05,9.51229e-09,2.12072e-09,2.85791e-10,0
3.64421e-11,0.000110559,0.922437,0.0774495,3.01294e-06,2
7.95883e-16,7.00684e-08,0.0513027,0.948522,0.000175367,2
0.992479,0.0075205,3.35555e-09,2.44299e-12,2.22961e-14,0
0.999975,2.4853e-05,1.59463e-09,5.80231e-10,1.07129e-10,0
5.30895e-07,0.300779,0.699058,0.000162149,2.18868e-07,0
0.0143277,0.984189,0.00148268,1.10669e-06,2.79611e-08,0
4.17087e-14,6.82186e-09,0.000245276,0.881628,0.118127,0
0.999992,7.96398e-06,1.47935e-10,3.10126e-11,5.97217e-12,0
0.999993,6.53517e-06,3.76436e-10,1.56274e-10,2.01407e-11,0
7.30783e-12,0.00307819,0.996872,4.97049e-05,6.71456e-08,2
0.906713,0.0932751,1.2153e-05,9.52646e-08,2.85707e-09,0
0.999982,1.80317e-05,9.11848e-11,6.72135e-12,1.58224e-12,0
0.999786,0.000213543,3.47467e-10,3.93301e-12,2.69867e-13,0
0.994167,0.00583189,5.64773e-07,2.61085e-08,4.01508e-09,0
0.999778,0.000221938,2.14642e-10,1.51388e-12,3.57083e-14,1
0.999062,0.000937915,1.4655e-07,1.24663e-08,2.00305e-09,0
0.999988,1.20965e-05,1.29826e-10,1.47221e-11,1.22576e-12,0
0.00257681,0.994509,0.00291354,4.86239e-07,1.31918e-09,0
